Initial board
<deb>
+--------------+--------------+--------------+--------------+--------------+--------------+--------------+--------------+--------------+--------------+--------------+--------------+
|      00      |      00      |      00      |      00      |      00      |      00      |      00      |      00      |      00      |      00      |      00      |      00      |
|00   0000   06|06   0001   02|02   0002   06|06   0003   08|08   0004   06|06   0005   02|02   0006   02|02   0007   01|01   0008   07|07   0009   04|04   0010   01|01   0011   00|
|      10      |      09      |      09      |      06      |      06      |      06      |      03      |      02      |      06      |      08      |      01      |      05      |
+--------------+--------------+--------------+--------------+--------------+--------------+--------------+--------------+--------------+--------------+--------------+--------------+
|      10      |      09      |      09      |      06      |      06      |      06      |      03      |      02      |      06      |      08      |      01      |      05      |
|00   0012   06|06   0013   06|06   0014   09|09   0015   07|07   0016   05|05   0017   01|01   0018   04|04   0019   07|07   0020   06|06   0021   09|09   0022   06|06   0023   00|
|      07      |      01      |      02      |      05      |      04      |      06      |      02      |      01      |      04      |      06      |      08      |      02      |
+--------------+--------------+--------------+--------------+--------------+--------------+--------------+--------------+--------------+--------------+--------------+--------------+
|      07      |      01      |      02      |      05      |      04      |      06      |      02      |      01      |      04      |      06      |      08      |      02      |
|00   0024   08|08   0025   01|01   0026   04|04   0027   02|02   0028   04|04   0029   01|01   0030   01|01   0031   07|07   0032   06|06   0033   07|07   0034   04|04   0035   00|
|      04      |      09      |      09      |      05      |      06      |      07      |      10      |      01      |      03      |      08      |      06      |      08      |
+--------------+--------------+--------------+--------------+--------------+--------------+--------------+--------------+--------------+--------------+--------------+--------------+
|      04      |      09      |      09      |      05      |      06      |      07      |      10      |      01      |      03      |      08      |      06      |      08      |
|00   0036   03|03   0037   04|04   0038   10|10   0039   09|09   0040   09|09   0041   04|04   0042   05|05   0043   05|05   0044   06|06   0045   08|08   0046   10|10   0047   00|
|      05      |      01      |      08      |      03      |      08      |      03      |      07      |      05      |      04      |      07      |      03      |      05      |
+--------------+--------------+--------------+--------------+--------------+--------------+--------------+--------------+--------------+--------------+--------------+--------------+
|      05      |      01      |      08      |      03      |      08      |      03      |      07      |      05      |      04      |      07      |      03      |      05      |
|00   0048   02|02   0049   01|01   0050   03|03   0051   10|10   0052   01|01   0053   08|08   0054   08|08   0055   05|05   0056   02|02   0057   01|01   0058   10|10   0059   00|
|      01      |      03      |      08      |      02      |      08      |      07      |      06      |      08      |      02      |      08      |      08      |      10      |
+--------------+--------------+--------------+--------------+--------------+--------------+--------------+--------------+--------------+--------------+--------------+--------------+
|      01      |      03      |      08      |      02      |      08      |      07      |      06      |      08      |      02      |      08      |      08      |      10      |
|00   0060   02|02   0061   05|05   0062   09|09   0063   10|10   0064   07|07   0065   02|02   0066   10|10   0067   03|03   0068   05|05   0069   02|02   0070   02|02   0071   00|
|      08      |      05      |      04      |      02      |      06      |      01      |      09      |      04      |      02      |      10      |      01      |      09      |
+--------------+--------------+--------------+--------------+--------------+--------------+--------------+--------------+--------------+--------------+--------------+--------------+
|      08      |      05      |      04      |      02      |      06      |      01      |      09      |      04      |      02      |      10      |      01      |      09      |
|00   0072   03|03   0073   06|06   0074   01|01   0075   09|09   0076   04|04   0077   02|02   0078   02|02   0079   04|04   0080   05|05   0081   09|09   0082   05|05   0083   00|
|      10      |      06      |      09      |      04      |      07      |      03      |      02      |      06      |      10      |      01      |      03      |      05      |
+--------------+--------------+--------------+--------------+--------------+--------------+--------------+--------------+--------------+--------------+--------------+--------------+
|      10      |      06      |      09      |      04      |      07      |      03      |      02      |      06      |      10      |      01      |      03      |      05      |
|00   0084   05|05   0085   04|04   0086   06|06   0087   03|03   0088   05|05   0089   04|04   0090   05|05   0091   04|04   0092   10|10   0093   04|04   0094   02|02   0095   00|
|      03      |      09      |      04      |      09      |      01      |      09      |      05      |      06      |      03      |      09      |      01      |      01      |
+--------------+--------------+--------------+--------------+--------------+--------------+--------------+--------------+--------------+--------------+--------------+--------------+
|      03      |      09      |      04      |      09      |      01      |      09      |      05      |      06      |      03      |      09      |      01      |      01      |
|00   0096   09|09   0097   06|06   0098   01|01   0099   08|08   0100   07|07   0101   04|04   0102   10|10   0103   05|05   0104   06|06   0105   05|05   0106   02|02   0107   00|
|      09      |      09      |      06      |      04      |      03      |      06      |      05      |      01      |      01      |      10      |      03      |      04      |
+--------------+--------------+--------------+--------------+--------------+--------------+--------------+--------------+--------------+--------------+--------------+--------------+
|      09      |      09      |      06      |      04      |      03      |      06      |      05      |      01      |      01      |      10      |      03      |      04      |
|00   0108   09|09   0109   02|02   0110   07|07   0111   07|07   0112   10|10   0113   06|06   0114   08|08   0115   07|07   0116   02|02   0117   05|05   0118   10|10   0119   00|
|      10      |      09      |      10      |      03      |      03      |      07      |      04      |      01      |      09      |      06      |      06      |      01      |
+--------------+--------------+--------------+--------------+--------------+--------------+--------------+--------------+--------------+--------------+--------------+--------------+
|      10      |      09      |      10      |      03      |      03      |      07      |      04      |      01      |      09      |      06      |      06      |      01      |
|00   0120   08|08   0121   07|07   0122   03|03   0123   05|05   0124   09|09   0125   03|03   0126   06|06   0127   09|09   0128   05|05   0129   01|01   0130   02|02   0131   00|
|      09      |      09      |      04      |      03      |      09      |      06      |      03      |      03      |      01      |      03      |      02      |      10      |
+--------------+--------------+--------------+--------------+--------------+--------------+--------------+--------------+--------------+--------------+--------------+--------------+
|      09      |      09      |      04      |      03      |      09      |      06      |      03      |      03      |      01      |      03      |      02      |      10      |
|00   0132   05|05   0133   04|04   0134   04|04   0135   07|07   0136   10|10   0137   02|02   0138   04|04   0139   04|04   0140   08|08   0141   01|01   0142   02|02   0143   00|
|      00      |      00      |      00      |      00      |      00      |      00      |      00      |      00      |      00      |      00      |      00      |      00      |
+--------------+--------------+--------------+--------------+--------------+--------------+--------------+--------------+--------------+--------------+--------------+--------------+



Shuffled board
<deb>
+--------------+--------------+--------------+--------------+--------------+--------------+--------------+--------------+--------------+--------------+--------------+--------------+
|      05      |      10      |      01      |      05      |      08      |      03      |      00      |      09      |      07      |      06      |      01      |      03      |
|06   0023   00|00   0084   05|05   0106   02|04   0102   10|10   0047   00|04   0094   02|07   0009   04|05   0083   00|00   0024   08|08   0046   10|09   0022   06|02   0061   05|
|      02      |      03      |      03      |      05      |      05      |      01      |      08      |      05      |      04      |      03      |      08      |      05      |
+--------------+--------------+--------------+--------------+--------------+--------------+--------------+--------------+--------------+--------------+--------------+--------------+
|      08      |      02      |      04      |      04      |      09      |      00      |      07      |      06      |      06      |      02      |      01      |      08      |
|02   0070   02|04   0080   05|06   0098   01|06   0074   01|00   0132   05|04   0010   01|08   0054   08|02   0110   07|10   0137   02|03   0068   05|04   0140   08|10   0052   01|
|      01      |      10      |      06      |      09      |      00      |      01      |      06      |      10      |      00      |      02      |      00      |      08      |
+--------------+--------------+--------------+--------------+--------------+--------------+--------------+--------------+--------------+--------------+--------------+--------------+
|      10      |      08      |      09      |      06      |      09      |      07      |      01      |      02      |      03      |      03      |      06      |      03      |
|00   0120   08|10   0064   07|07   0101   04|01   0130   02|06   0105   05|09   0125   03|07   0116   02|04   0035   00|05   0104   06|01   0058   10|09   0015   07|00   0096   09|
|      09      |      06      |      06      |      02      |      10      |      06      |      09      |      08      |      01      |      08      |      05      |      09      |
+--------------+--------------+--------------+--------------+--------------+--------------+--------------+--------------+--------------+--------------+--------------+--------------+
|      04      |      08      |      09      |      09      |      01      |      05      |      01      |      04      |      03      |      07      |      00      |      05      |
|07   0032   06|01   0050   03|04   0086   06|05   0133   04|02   0049   01|03   0073   06|04   0077   02|02   0079   04|03   0051   10|03   0088   05|06   0003   08|00   0048   02|
|      03      |      08      |      04      |      00      |      03      |      06      |      03      |      06      |      02      |      01      |      06      |      01      |
+--------------+--------------+--------------+--------------+--------------+--------------+--------------+--------------+--------------+--------------+--------------+--------------+
|      09      |      09      |      05      |      02      |      01      |      05      |      01      |      07      |      04      |      03      |      02      |      00      |
|09   0128   05|02   0078   02|04   0027   02|01   0142   02|09   0082   05|02   0095   00|05   0043   05|07   0065   02|06   0087   03|08   0141   01|09   0063   10|02   0007   01|
|      01      |      02      |      05      |      00      |      03      |      01      |      05      |      01      |      09      |      00      |      02      |      02      |
+--------------+--------------+--------------+--------------+--------------+--------------+--------------+--------------+--------------+--------------+--------------+--------------+
|      06      |      01      |      09      |      09      |      08      |      03      |      01      |      05      |      08      |      10      |      00      |      02      |
|10   0103   05|06   0127   09|00   0108   09|07   0136   10|00   0072   03|07   0112   10|01   0031   07|10   0039   09|06   0021   09|07   0122   03|02   0002   06|01   0026   04|
|      01      |      03      |      10      |      00      |      10      |      03      |      01      |      03      |      06      |      04      |      09      |      09      |
+--------------+--------------+--------------+--------------+--------------+--------------+--------------+--------------+--------------+--------------+--------------+--------------+
|      06      |      06      |      05      |      01      |      00      |      04      |      06      |      03      |      00      |      03      |      03      |      01      |
|05   0085   04|04   0029   01|10   0059   00|08   0115   07|06   0005   02|04   0134   04|07   0016   05|01   0018   04|00   0000   06|04   0135   07|05   0044   06|02   0131   00|
|      09      |      07      |      10      |      01      |      06      |      00      |      04      |      02      |      10      |      00      |      04      |      10      |
+--------------+--------------+--------------+--------------+--------------+--------------+--------------+--------------+--------------+--------------+--------------+--------------+
|      06      |      03      |      08      |      00      |      04      |      06      |      06      |      03      |      04      |      00      |      10      |      09      |
|05   0091   04|05   0124   09|07   0034   04|02   0006   02|02   0028   04|09   0040   09|05   0129   01|03   0123   05|05   0056   02|01   0008   07|02   0117   05|01   0099   08|
|      06      |      09      |      06      |      03      |      06      |      08      |      03      |      03      |      02      |      06      |      06      |      04      |
+--------------+--------------+--------------+--------------+--------------+--------------+--------------+--------------+--------------+--------------+--------------+--------------+
|      10      |      06      |      09      |      06      |      09      |      10      |      06      |      01      |      08      |      03      |      01      |      10      |
|02   0071   00|05   0017   01|06   0014   09|06   0033   07|09   0109   02|04   0042   05|10   0113   06|08   0025   01|05   0069   02|05   0118   10|10   0093   04|04   0092   10|
|      09      |      06      |      02      |      08      |      09      |      07      |      07      |      09      |      10      |      06      |      09      |      03      |
+--------------+--------------+--------------+--------------+--------------+--------------+--------------+--------------+--------------+--------------+--------------+--------------+
|      09      |      01      |      05      |      04      |      04      |      10      |      02      |      09      |      08      |      02      |      00      |      05      |
|04   0038   10|02   0107   00|06   0114   08|00   0036   03|03   0126   06|00   0012   06|01   0030   01|03   0037   04|10   0067   03|04   0090   05|01   0011   00|08   0055   05|
|      08      |      04      |      04      |      05      |      03      |      07      |      10      |      01      |      04      |      05      |      05      |      08      |
+--------------+--------------+--------------+--------------+--------------+--------------+--------------+--------------+--------------+--------------+--------------+--------------+
|      07      |      06      |      00      |      08      |      09      |      08      |      07      |      03      |      06      |      02      |      06      |      10      |
|09   0041   04|09   0076   04|06   0001   02|05   0062   09|06   0013   06|06   0045   08|02   0057   01|04   0139   04|07   0020   06|01   0075   09|02   0066   10|05   0081   09|
|      03      |      07      |      09      |      04      |      01      |      07      |      08      |      00      |      04      |      04      |      09      |      01      |
+--------------+--------------+--------------+--------------+--------------+--------------+--------------+--------------+--------------+--------------+--------------+--------------+
|      04      |      01      |      09      |      03      |      04      |      03      |      09      |      00      |      03      |      10      |      01      |      02      |
|10   0119   00|00   0060   02|08   0121   07|05   0089   04|07   0111   07|02   0138   04|09   0097   06|08   0004   06|01   0053   08|02   0143   00|08   0100   07|04   0019   07|
|      01      |      08      |      09      |      09      |      03      |      00      |      09      |      06      |      07      |      00      |      03      |      01      |
+--------------+--------------+--------------+--------------+--------------+--------------+--------------+--------------+--------------+--------------+--------------+--------------+



Solving: may the time be with you
<deb>
+--------------+--------------+--------------+--------------+--------------+--------------+--------------+--------------+--------------+--------------+--------------+--------------+
|      00      |      00      |      00      |      00      |      00      |      00      |      00      |      00      |      00      |      00      |      00      |      00      |
|00   0000   06|06   0001   02|02   0002   06|06   0003   08|08   0004   06|06   0005   02|02   0006   02|02   0007   01|01   0008   07|07   0009   04|04   0010   01|01   0011   00|
|      10      |      09      |      09      |      06      |      06      |      06      |      03      |      02      |      06      |      08      |      01      |      05      |
+--------------+--------------+--------------+--------------+--------------+--------------+--------------+--------------+--------------+--------------+--------------+--------------+
|      10      |      09      |      09      |      06      |      06      |      06      |      03      |      02      |      06      |      08      |      01      |      05      |
|00   0012   06|06   0013   06|06   0014   09|09   0015   07|07   0016   05|05   0017   01|01   0018   04|04   0019   07|07   0020   06|06   0021   09|09   0022   06|06   0023   00|
|      07      |      01      |      02      |      05      |      04      |      06      |      02      |      01      |      04      |      06      |      08      |      02      |
+--------------+--------------+--------------+--------------+--------------+--------------+--------------+--------------+--------------+--------------+--------------+--------------+
|      07      |      01      |      02      |      05      |      04      |      06      |      02      |      01      |      04      |      06      |      08      |      02      |
|00   0024   08|08   0025   01|01   0026   04|04   0027   02|02   0079   04|04   0029   01|01   0030   01|01   0031   07|07   0032   06|06   0033   07|07   0034   04|04   0035   00|
|      04      |      09      |      09      |      05      |      06      |      07      |      10      |      01      |      03      |      08      |      06      |      08      |
+--------------+--------------+--------------+--------------+--------------+--------------+--------------+--------------+--------------+--------------+--------------+--------------+
|      04      |      09      |      09      |      05      |      06      |      07      |      10      |      01      |      03      |      08      |      06      |      08      |
|00   0036   03|03   0037   04|04   0038   10|10   0039   09|09   0040   09|09   0041   04|04   0042   05|05   0043   05|05   0044   06|06   0045   08|08   0046   10|10   0047   00|
|      05      |      01      |      08      |      03      |      08      |      03      |      07      |      05      |      04      |      07      |      03      |      05      |
+--------------+--------------+--------------+--------------+--------------+--------------+--------------+--------------+--------------+--------------+--------------+--------------+
|      05      |      01      |      08      |      03      |      08      |      03      |      07      |      05      |      04      |      07      |      03      |      05      |
|00   0048   02|02   0049   01|01   0050   03|03   0051   10|10   0052   01|01   0053   08|08   0054   08|08   0055   05|05   0056   02|02   0057   01|01   0058   10|10   0059   00|
|      01      |      03      |      08      |      02      |      08      |      07      |      06      |      08      |      02      |      08      |      08      |      10      |
+--------------+--------------+--------------+--------------+--------------+--------------+--------------+--------------+--------------+--------------+--------------+--------------+
|      01      |      03      |      08      |      02      |      08      |      07      |      06      |      08      |      02      |      08      |      08      |      10      |
|00   0060   02|02   0061   05|05   0062   09|09   0063   10|10   0064   07|07   0065   02|02   0066   10|10   0067   03|03   0068   05|05   0069   02|02   0070   02|02   0071   00|
|      08      |      05      |      04      |      02      |      06      |      01      |      09      |      04      |      02      |      10      |      01      |      09      |
+--------------+--------------+--------------+--------------+--------------+--------------+--------------+--------------+--------------+--------------+--------------+--------------+
|      08      |      05      |      04      |      02      |      06      |      01      |      09      |      04      |      02      |      10      |      01      |      09      |
|00   0072   03|03   0073   06|06   0074   01|01   0075   09|09   0076   04|04   0077   02|02   0078   02|02   0028   04|04   0080   05|05   0081   09|09   0082   05|05   0083   00|
|      10      |      06      |      09      |      04      |      07      |      03      |      02      |      06      |      10      |      01      |      03      |      05      |
+--------------+--------------+--------------+--------------+--------------+--------------+--------------+--------------+--------------+--------------+--------------+--------------+
|      10      |      06      |      09      |      04      |      07      |      03      |      02      |      06      |      10      |      01      |      03      |      05      |
|00   0084   05|05   0085   04|04   0086   06|06   0087   03|03   0088   05|05   0089   04|04   0090   05|05   0091   04|04   0092   10|10   0093   04|04   0094   02|02   0095   00|
|      03      |      09      |      04      |      09      |      01      |      09      |      05      |      06      |      03      |      09      |      01      |      01      |
+--------------+--------------+--------------+--------------+--------------+--------------+--------------+--------------+--------------+--------------+--------------+--------------+
|      03      |      09      |      04      |      09      |      01      |      09      |      05      |      06      |      03      |      09      |      01      |      01      |
|00   0096   09|09   0097   06|06   0098   01|01   0099   08|08   0100   07|07   0101   04|04   0102   10|10   0103   05|05   0104   06|06   0105   05|05   0106   02|02   0107   00|
|      09      |      09      |      06      |      04      |      03      |      06      |      05      |      01      |      01      |      10      |      03      |      04      |
+--------------+--------------+--------------+--------------+--------------+--------------+--------------+--------------+--------------+--------------+--------------+--------------+
|      09      |      09      |      06      |      04      |      03      |      06      |      05      |      01      |      01      |      10      |      03      |      04      |
|00   0108   09|09   0109   02|02   0110   07|07   0111   07|07   0112   10|10   0113   06|06   0114   08|08   0115   07|07   0116   02|02   0117   05|05   0118   10|10   0119   00|
|      10      |      09      |      10      |      03      |      03      |      07      |      04      |      01      |      09      |      06      |      06      |      01      |
+--------------+--------------+--------------+--------------+--------------+--------------+--------------+--------------+--------------+--------------+--------------+--------------+
|      10      |      09      |      10      |      03      |      03      |      07      |      04      |      01      |      09      |      06      |      06      |      01      |
|00   0120   08|08   0121   07|07   0122   03|03   0123   05|05   0124   09|09   0125   03|03   0126   06|06   0127   09|09   0128   05|05   0129   01|01   0130   02|02   0131   00|
|      09      |      09      |      04      |      03      |      09      |      06      |      03      |      03      |      01      |      03      |      02      |      10      |
+--------------+--------------+--------------+--------------+--------------+--------------+--------------+--------------+--------------+--------------+--------------+--------------+
|      09      |      09      |      04      |      03      |      09      |      06      |      03      |      03      |      01      |      03      |      02      |      10      |
|00   0132   05|05   0133   04|04   0134   04|04   0135   07|07   0136   10|10   0137   02|02   0138   04|04   0139   04|04   0140   08|08   0141   01|01   0142   02|02   0143   00|
|      00      |      00      |      00      |      00      |      00      |      00      |      00      |      00      |      00      |      00      |      00      |      00      |
+--------------+--------------+--------------+--------------+--------------+--------------+--------------+--------------+--------------+--------------+--------------+--------------+

<deb>
+--------------+--------------+--------------+--------------+--------------+--------------+--------------+--------------+--------------+--------------+--------------+--------------+
|      00      |      00      |      00      |      00      |      00      |      00      |      00      |      00      |      00      |      00      |      00      |      00      |
|00   0000   06|06   0001   02|02   0002   06|06   0003   08|08   0004   06|06   0005   02|02   0006   02|02   0007   01|01   0008   07|07   0009   04|04   0010   01|01   0011   00|
|      10      |      09      |      09      |      06      |      06      |      06      |      03      |      02      |      06      |      08      |      01      |      05      |
+--------------+--------------+--------------+--------------+--------------+--------------+--------------+--------------+--------------+--------------+--------------+--------------+
|      10      |      09      |      09      |      06      |      06      |      06      |      03      |      02      |      06      |      08      |      01      |      05      |
|00   0012   06|06   0013   06|06   0014   09|09   0015   07|07   0016   05|05   0017   01|01   0018   04|04   0019   07|07   0020   06|06   0021   09|09   0022   06|06   0023   00|
|      07      |      01      |      02      |      05      |      04      |      06      |      02      |      01      |      04      |      06      |      08      |      02      |
+--------------+--------------+--------------+--------------+--------------+--------------+--------------+--------------+--------------+--------------+--------------+--------------+
|      07      |      01      |      02      |      05      |      04      |      06      |      02      |      01      |      04      |      06      |      08      |      02      |
|00   0024   08|08   0025   01|01   0026   04|04   0027   02|02   0028   04|04   0029   01|01   0030   01|01   0031   07|07   0032   06|06   0033   07|07   0034   04|04   0035   00|
|      04      |      09      |      09      |      05      |      06      |      07      |      10      |      01      |      03      |      08      |      06      |      08      |
+--------------+--------------+--------------+--------------+--------------+--------------+--------------+--------------+--------------+--------------+--------------+--------------+
|      04      |      09      |      09      |      05      |      06      |      07      |      10      |      01      |      03      |      08      |      06      |      08      |
|00   0036   03|03   0037   04|04   0038   10|10   0039   09|09   0040   09|09   0041   04|04   0042   05|05   0043   05|05   0044   06|06   0045   08|08   0046   10|10   0047   00|
|      05      |      01      |      08      |      03      |      08      |      03      |      07      |      05      |      04      |      07      |      03      |      05      |
+--------------+--------------+--------------+--------------+--------------+--------------+--------------+--------------+--------------+--------------+--------------+--------------+
|      05      |      01      |      08      |      03      |      08      |      03      |      07      |      05      |      04      |      07      |      03      |      05      |
|00   0048   02|02   0049   01|01   0050   03|03   0051   10|10   0052   01|01   0053   08|08   0054   08|08   0055   05|05   0056   02|02   0057   01|01   0058   10|10   0059   00|
|      01      |      03      |      08      |      02      |      08      |      07      |      06      |      08      |      02      |      08      |      08      |      10      |
+--------------+--------------+--------------+--------------+--------------+--------------+--------------+--------------+--------------+--------------+--------------+--------------+
|      01      |      03      |      08      |      02      |      08      |      07      |      06      |      08      |      02      |      08      |      08      |      10      |
|00   0060   02|02   0061   05|05   0062   09|09   0063   10|10   0064   07|07   0065   02|02   0066   10|10   0067   03|03   0068   05|05   0069   02|02   0070   02|02   0071   00|
|      08      |      05      |      04      |      02      |      06      |      01      |      09      |      04      |      02      |      10      |      01      |      09      |
+--------------+--------------+--------------+--------------+--------------+--------------+--------------+--------------+--------------+--------------+--------------+--------------+
|      08      |      05      |      04      |      02      |      06      |      01      |      09      |      04      |      02      |      10      |      01      |      09      |
|00   0072   03|03   0073   06|06   0074   01|01   0075   09|09   0076   04|04   0077   02|02   0078   02|02   0079   04|04   0080   05|05   0081   09|09   0082   05|05   0083   00|
|      10      |      06      |      09      |      04      |      07      |      03      |      02      |      06      |      10      |      01      |      03      |      05      |
+--------------+--------------+--------------+--------------+--------------+--------------+--------------+--------------+--------------+--------------+--------------+--------------+
|      10      |      06      |      09      |      04      |      07      |      03      |      02      |      06      |      10      |      01      |      03      |      05      |
|00   0084   05|05   0085   04|04   0086   06|06   0087   03|03   0088   05|05   0089   04|04   0090   05|05   0091   04|04   0092   10|10   0093   04|04   0094   02|02   0095   00|
|      03      |      09      |      04      |      09      |      01      |      09      |      05      |      06      |      03      |      09      |      01      |      01      |
+--------------+--------------+--------------+--------------+--------------+--------------+--------------+--------------+--------------+--------------+--------------+--------------+
|      03      |      09      |      04      |      09      |      01      |      09      |      05      |      06      |      03      |      09      |      01      |      01      |
|00   0096   09|09   0097   06|06   0098   01|01   0099   08|08   0100   07|07   0101   04|04   0102   10|10   0103   05|05   0104   06|06   0105   05|05   0106   02|02   0107   00|
|      09      |      09      |      06      |      04      |      03      |      06      |      05      |      01      |      01      |      10      |      03      |      04      |
+--------------+--------------+--------------+--------------+--------------+--------------+--------------+--------------+--------------+--------------+--------------+--------------+
|      09      |      09      |      06      |      04      |      03      |      06      |      05      |      01      |      01      |      10      |      03      |      04      |
|00   0108   09|09   0109   02|02   0110   07|07   0111   07|07   0112   10|10   0113   06|06   0114   08|08   0115   07|07   0116   02|02   0117   05|05   0118   10|10   0119   00|
|      10      |      09      |      10      |      03      |      03      |      07      |      04      |      01      |      09      |      06      |      06      |      01      |
+--------------+--------------+--------------+--------------+--------------+--------------+--------------+--------------+--------------+--------------+--------------+--------------+
|      10      |      09      |      10      |      03      |      03      |      07      |      04      |      01      |      09      |      06      |      06      |      01      |
|00   0120   08|08   0121   07|07   0122   03|03   0123   05|05   0124   09|09   0125   03|03   0126   06|06   0127   09|09   0128   05|05   0129   01|01   0130   02|02   0131   00|
|      09      |      09      |      04      |      03      |      09      |      06      |      03      |      03      |      01      |      03      |      02      |      10      |
+--------------+--------------+--------------+--------------+--------------+--------------+--------------+--------------+--------------+--------------+--------------+--------------+
|      09      |      09      |      04      |      03      |      09      |      06      |      03      |      03      |      01      |      03      |      02      |      10      |
|00   0132   05|05   0133   04|04   0134   04|04   0135   07|07   0136   10|10   0137   02|02   0138   04|04   0139   04|04   0140   08|08   0141   01|01   0142   02|02   0143   00|
|      00      |      00      |      00      |      00      |      00      |      00      |      00      |      00      |      00      |      00      |      00      |      00      |
+--------------+--------------+--------------+--------------+--------------+--------------+--------------+--------------+--------------+--------------+--------------+--------------+



Solving: end of time
