Initial board
<deb>
+--------------+--------------+--------------+--------------+--------------+
|      00      |      00      |      00      |      00      |      00      |
|00   0000   05|05   0001   04|04   0002   03|03   0003   02|02   0004   00|
|      01      |      01      |      02      |      05      |      04      |
+--------------+--------------+--------------+--------------+--------------+
|      01      |      01      |      02      |      05      |      04      |
|00   0005   05|05   0006   05|05   0007   05|05   0008   01|01   0009   00|
|      02      |      01      |      01      |      01      |      02      |
+--------------+--------------+--------------+--------------+--------------+
|      02      |      01      |      01      |      01      |      02      |
|00   0010   02|02   0011   02|02   0012   02|02   0013   05|05   0014   00|
|      01      |      05      |      05      |      02      |      03      |
+--------------+--------------+--------------+--------------+--------------+
|      01      |      05      |      05      |      02      |      03      |
|00   0015   03|03   0016   01|01   0017   05|05   0018   02|02   0019   00|
|      03      |      01      |      04      |      05      |      01      |
+--------------+--------------+--------------+--------------+--------------+
|      03      |      01      |      04      |      05      |      01      |
|00   0020   01|01   0021   04|04   0022   04|04   0023   05|05   0024   00|
|      00      |      00      |      00      |      00      |      00      |
+--------------+--------------+--------------+--------------+--------------+



Shuffled board
<deb>
+--------------+--------------+--------------+--------------+--------------+
|      03      |      01      |      05      |      02      |      01      |
|02   0019   00|00   0005   05|04   0023   05|05   0018   02|00   0015   03|
|      01      |      02      |      00      |      05      |      03      |
+--------------+--------------+--------------+--------------+--------------+
|      04      |      01      |      04      |      00      |      00      |
|01   0009   00|01   0021   04|04   0022   04|00   0000   05|04   0002   03|
|      02      |      00      |      00      |      01      |      02      |
+--------------+--------------+--------------+--------------+--------------+
|      01      |      01      |      01      |      00      |      05      |
|02   0011   02|02   0013   05|05   0006   05|02   0004   00|05   0008   01|
|      05      |      02      |      01      |      04      |      01      |
+--------------+--------------+--------------+--------------+--------------+
|      02      |      05      |      03      |      05      |      01      |
|05   0014   00|03   0016   01|00   0020   01|01   0017   05|02   0012   02|
|      03      |      01      |      00      |      04      |      05      |
+--------------+--------------+--------------+--------------+--------------+
|      01      |      02      |      02      |      00      |      00      |
|05   0024   00|05   0007   05|00   0010   02|03   0003   02|05   0001   04|
|      00      |      01      |      01      |      05      |      01      |
+--------------+--------------+--------------+--------------+--------------+



Solving: may the time be with you
<deb>
+--------------+--------------+--------------+--------------+--------------+
|      00      |      00      |      00      |      00      |      00      |
|00   0000   05|05   0001   04|04   0002   03|03   0003   02|02   0004   00|
|      01      |      01      |      02      |      05      |      04      |
+--------------+--------------+--------------+--------------+--------------+
|      01      |      01      |      02      |      05      |      04      |
|00   0005   05|05   0006   05|05   0007   05|05   0008   01|01   0009   00|
|      02      |      01      |      01      |      01      |      02      |
+--------------+--------------+--------------+--------------+--------------+
|      02      |      01      |      01      |      01      |      02      |
|00   0010   02|02   0011   02|02   0012   02|02   0013   05|05   0014   00|
|      01      |      05      |      05      |      02      |      03      |
+--------------+--------------+--------------+--------------+--------------+
|      01      |      05      |      05      |      02      |      03      |
|00   0015   03|03   0016   01|01   0017   05|05   0018   02|02   0019   00|
|      03      |      01      |      04      |      05      |      01      |
+--------------+--------------+--------------+--------------+--------------+
|      03      |      01      |      04      |      05      |      01      |
|00   0020   01|01   0021   04|04   0022   04|04   0023   05|05   0024   00|
|      00      |      00      |      00      |      00      |      00      |
+--------------+--------------+--------------+--------------+--------------+

<deb>
+--------------+--------------+--------------+--------------+--------------+
|      00      |      00      |      00      |      00      |      00      |
|00   0000   05|05   0001   04|04   0002   03|03   0003   02|02   0004   00|
|      01      |      01      |      02      |      05      |      04      |
+--------------+--------------+--------------+--------------+--------------+
|      01      |      01      |      02      |      05      |      04      |
|00   0005   05|05   0006   05|05   0007   05|05   0008   01|01   0009   00|
|      02      |      01      |      01      |      01      |      02      |
+--------------+--------------+--------------+--------------+--------------+
|      02      |      01      |      01      |      01      |      02      |
|00   0010   02|02   0012   02|02   0011   02|02   0013   05|05   0014   00|
|      01      |      05      |      05      |      02      |      03      |
+--------------+--------------+--------------+--------------+--------------+
|      01      |      05      |      05      |      02      |      03      |
|00   0015   03|03   0016   01|01   0017   05|05   0018   02|02   0019   00|
|      03      |      01      |      04      |      05      |      01      |
+--------------+--------------+--------------+--------------+--------------+
|      03      |      01      |      04      |      05      |      01      |
|00   0020   01|01   0021   04|04   0022   04|04   0023   05|05   0024   00|
|      00      |      00      |      00      |      00      |      00      |
+--------------+--------------+--------------+--------------+--------------+



Solving: end of time
