Initial board
<deb>
+--------------+--------------+--------------+--------------+--------------+
|      00      |      00      |      00      |      00      |      00      |
|00   0000   01|01   0001   01|01   0002   03|03   0003   02|02   0004   00|
|      03      |      03      |      02      |      02      |      02      |
+--------------+--------------+--------------+--------------+--------------+
|      03      |      03      |      02      |      02      |      02      |
|00   0005   01|01   0006   01|01   0007   01|01   0008   03|03   0009   00|
|      03      |      03      |      02      |      03      |      02      |
+--------------+--------------+--------------+--------------+--------------+
|      03      |      03      |      02      |      03      |      02      |
|00   0010   02|02   0011   01|01   0012   01|01   0013   03|03   0014   00|
|      03      |      01      |      02      |      01      |      03      |
+--------------+--------------+--------------+--------------+--------------+
|      03      |      01      |      02      |      01      |      03      |
|00   0015   01|01   0016   01|01   0017   02|02   0018   03|03   0019   00|
|      02      |      03      |      03      |      03      |      03      |
+--------------+--------------+--------------+--------------+--------------+
|      02      |      03      |      03      |      03      |      03      |
|00   0020   01|01   0021   02|02   0022   03|03   0023   02|02   0024   00|
|      00      |      00      |      00      |      00      |      00      |
+--------------+--------------+--------------+--------------+--------------+



Shuffled board
<deb>
+--------------+--------------+--------------+--------------+--------------+
|      00      |      02      |      00      |      03      |      03      |
|00   0000   01|00   0020   01|03   0003   02|01   0013   03|00   0005   01|
|      03      |      00      |      02      |      01      |      03      |
+--------------+--------------+--------------+--------------+--------------+
|      01      |      03      |      02      |      03      |      02      |
|01   0016   01|03   0023   02|01   0017   02|02   0024   00|01   0008   03|
|      03      |      00      |      03      |      00      |      03      |
+--------------+--------------+--------------+--------------+--------------+
|      00      |      03      |      02      |      03      |      00      |
|01   0002   03|00   0010   02|01   0007   01|01   0021   02|02   0004   00|
|      02      |      03      |      02      |      00      |      02      |
+--------------+--------------+--------------+--------------+--------------+
|      03      |      02      |      03      |      03      |      01      |
|02   0011   01|03   0014   00|00   0015   01|01   0006   01|02   0018   03|
|      01      |      03      |      02      |      03      |      03      |
+--------------+--------------+--------------+--------------+--------------+
|      02      |      03      |      03      |      02      |      00      |
|03   0009   00|02   0022   03|03   0019   00|01   0012   01|01   0001   01|
|      02      |      00      |      03      |      02      |      03      |
+--------------+--------------+--------------+--------------+--------------+



Solving: may the time be with you
<deb>
+--------------+--------------+--------------+--------------+--------------+
|      00      |      00      |      00      |      00      |      00      |
|00   0000   01|01   0001   01|01   0002   03|03   0003   02|02   0004   00|
|      03      |      03      |      02      |      02      |      02      |
+--------------+--------------+--------------+--------------+--------------+
|      03      |      03      |      02      |      02      |      02      |
|00   0005   01|01   0006   01|01   0007   01|01   0008   03|03   0009   00|
|      03      |      03      |      02      |      03      |      02      |
+--------------+--------------+--------------+--------------+--------------+
|      03      |      03      |      02      |      03      |      02      |
|00   0010   02|02   0011   01|01   0012   01|01   0013   03|03   0014   00|
|      03      |      01      |      02      |      01      |      03      |
+--------------+--------------+--------------+--------------+--------------+
|      03      |      01      |      02      |      01      |      03      |
|00   0015   01|01   0016   01|01   0017   02|02   0018   03|03   0019   00|
|      02      |      03      |      03      |      03      |      03      |
+--------------+--------------+--------------+--------------+--------------+
|      02      |      03      |      03      |      03      |      03      |
|00   0020   01|01   0021   02|02   0022   03|03   0023   02|02   0024   00|
|      00      |      00      |      00      |      00      |      00      |
+--------------+--------------+--------------+--------------+--------------+

<deb>
+--------------+--------------+--------------+--------------+--------------+
|      00      |      00      |      00      |      00      |      00      |
|00   0000   01|01   0001   01|01   0002   03|03   0003   02|02   0004   00|
|      03      |      03      |      02      |      02      |      02      |
+--------------+--------------+--------------+--------------+--------------+
|      03      |      03      |      02      |      02      |      02      |
|00   0005   01|01   0006   01|01   0012   01|01   0008   03|03   0009   00|
|      03      |      03      |      02      |      03      |      02      |
+--------------+--------------+--------------+--------------+--------------+
|      03      |      03      |      02      |      03      |      02      |
|00   0010   02|02   0011   01|01   0007   01|01   0013   03|03   0014   00|
|      03      |      01      |      02      |      01      |      03      |
+--------------+--------------+--------------+--------------+--------------+
|      03      |      01      |      02      |      01      |      03      |
|00   0015   01|01   0016   01|01   0017   02|02   0018   03|03   0019   00|
|      02      |      03      |      03      |      03      |      03      |
+--------------+--------------+--------------+--------------+--------------+
|      02      |      03      |      03      |      03      |      03      |
|00   0020   01|01   0021   02|02   0022   03|03   0023   02|02   0024   00|
|      00      |      00      |      00      |      00      |      00      |
+--------------+--------------+--------------+--------------+--------------+

<deb>
+--------------+--------------+--------------+--------------+--------------+
|      00      |      00      |      00      |      00      |      00      |
|00   0000   01|01   0001   01|01   0002   03|03   0003   02|02   0004   00|
|      03      |      03      |      02      |      02      |      02      |
+--------------+--------------+--------------+--------------+--------------+
|      03      |      03      |      02      |      02      |      02      |
|00   0010   02|02   0011   01|01   0007   01|01   0008   03|03   0009   00|
|      03      |      01      |      02      |      03      |      02      |
+--------------+--------------+--------------+--------------+--------------+
|      03      |      01      |      02      |      03      |      02      |
|00   0005   01|01   0016   01|01   0012   01|01   0013   03|03   0014   00|
|      03      |      03      |      02      |      01      |      03      |
+--------------+--------------+--------------+--------------+--------------+
|      03      |      03      |      02      |      01      |      03      |
|00   0015   01|01   0006   01|01   0017   02|02   0018   03|03   0019   00|
|      02      |      03      |      03      |      03      |      03      |
+--------------+--------------+--------------+--------------+--------------+
|      02      |      03      |      03      |      03      |      03      |
|00   0020   01|01   0021   02|02   0022   03|03   0023   02|02   0024   00|
|      00      |      00      |      00      |      00      |      00      |
+--------------+--------------+--------------+--------------+--------------+

<deb>
+--------------+--------------+--------------+--------------+--------------+
|      00      |      00      |      00      |      00      |      00      |
|00   0000   01|01   0001   01|01   0002   03|03   0003   02|02   0004   00|
|      03      |      03      |      02      |      02      |      02      |
+--------------+--------------+--------------+--------------+--------------+
|      03      |      03      |      02      |      02      |      02      |
|00   0010   02|02   0011   01|01   0012   01|01   0008   03|03   0009   00|
|      03      |      01      |      02      |      03      |      02      |
+--------------+--------------+--------------+--------------+--------------+
|      03      |      01      |      02      |      03      |      02      |
|00   0005   01|01   0016   01|01   0007   01|01   0013   03|03   0014   00|
|      03      |      03      |      02      |      01      |      03      |
+--------------+--------------+--------------+--------------+--------------+
|      03      |      03      |      02      |      01      |      03      |
|00   0015   01|01   0006   01|01   0017   02|02   0018   03|03   0019   00|
|      02      |      03      |      03      |      03      |      03      |
+--------------+--------------+--------------+--------------+--------------+
|      02      |      03      |      03      |      03      |      03      |
|00   0020   01|01   0021   02|02   0022   03|03   0023   02|02   0024   00|
|      00      |      00      |      00      |      00      |      00      |
+--------------+--------------+--------------+--------------+--------------+



Solving: end of time
