Initial board
<deb>
+--------------+--------------+--------------+--------------+--------------+--------------+--------------+--------------+--------------+--------------+--------------+--------------+
|      00      |      00      |      00      |      00      |      00      |      00      |      00      |      00      |      00      |      00      |      00      |      00      |
|00   0000   07|07   0001   02|02   0002   01|01   0003   05|05   0004   01|01   0005   03|03   0006   02|02   0007   04|04   0008   10|10   0009   04|04   0010   09|09   0011   00|
|      06      |      07      |      05      |      01      |      05      |      07      |      10      |      02      |      01      |      01      |      10      |      03      |
+--------------+--------------+--------------+--------------+--------------+--------------+--------------+--------------+--------------+--------------+--------------+--------------+
|      06      |      07      |      05      |      01      |      05      |      07      |      10      |      02      |      01      |      01      |      10      |      03      |
|00   0012   01|01   0013   05|05   0014   03|03   0015   03|03   0016   07|07   0017   03|03   0018   05|05   0019   06|06   0020   04|04   0021   04|04   0022   07|07   0023   00|
|      10      |      09      |      08      |      06      |      05      |      06      |      07      |      08      |      02      |      01      |      01      |      05      |
+--------------+--------------+--------------+--------------+--------------+--------------+--------------+--------------+--------------+--------------+--------------+--------------+
|      10      |      09      |      08      |      06      |      05      |      06      |      07      |      08      |      02      |      01      |      01      |      05      |
|00   0024   05|05   0025   04|04   0026   06|06   0027   05|05   0028   03|03   0029   02|02   0030   08|08   0031   08|08   0032   04|04   0033   03|03   0034   07|07   0035   00|
|      10      |      03      |      10      |      09      |      08      |      03      |      02      |      10      |      09      |      03      |      01      |      05      |
+--------------+--------------+--------------+--------------+--------------+--------------+--------------+--------------+--------------+--------------+--------------+--------------+
|      10      |      03      |      10      |      09      |      08      |      03      |      02      |      10      |      09      |      03      |      01      |      05      |
|00   0036   05|05   0037   06|06   0038   01|01   0039   02|02   0040   05|05   0041   03|03   0042   07|07   0043   09|09   0044   03|03   0045   08|08   0046   02|02   0047   00|
|      03      |      04      |      10      |      10      |      02      |      09      |      05      |      02      |      06      |      08      |      04      |      04      |
+--------------+--------------+--------------+--------------+--------------+--------------+--------------+--------------+--------------+--------------+--------------+--------------+
|      03      |      04      |      10      |      10      |      02      |      09      |      05      |      02      |      06      |      08      |      04      |      04      |
|00   0048   05|05   0049   05|05   0050   07|07   0051   02|02   0052   06|06   0053   07|07   0054   05|05   0055   02|02   0056   07|07   0057   04|04   0058   08|08   0059   00|
|      02      |      04      |      08      |      05      |      04      |      02      |      05      |      04      |      07      |      07      |      07      |      02      |
+--------------+--------------+--------------+--------------+--------------+--------------+--------------+--------------+--------------+--------------+--------------+--------------+
|      02      |      04      |      08      |      05      |      04      |      02      |      05      |      04      |      07      |      07      |      07      |      02      |
|00   0060   08|08   0061   08|08   0062   03|03   0063   01|01   0064   02|02   0065   07|07   0066   08|08   0067   07|07   0068   02|02   0069   03|03   0070   04|04   0071   00|
|      03      |      02      |      05      |      01      |      06      |      01      |      09      |      09      |      04      |      09      |      02      |      07      |
+--------------+--------------+--------------+--------------+--------------+--------------+--------------+--------------+--------------+--------------+--------------+--------------+
|      03      |      02      |      05      |      01      |      06      |      01      |      09      |      09      |      04      |      09      |      02      |      07      |
|00   0072   07|07   0073   02|02   0074   07|07   0075   05|05   0076   05|05   0077   04|04   0078   07|07   0079   10|10   0080   10|10   0081   02|02   0082   04|04   0083   00|
|      09      |      08      |      06      |      04      |      05      |      01      |      06      |      08      |      02      |      01      |      09      |      10      |
+--------------+--------------+--------------+--------------+--------------+--------------+--------------+--------------+--------------+--------------+--------------+--------------+
|      09      |      08      |      06      |      04      |      05      |      01      |      06      |      08      |      02      |      01      |      09      |      10      |
|00   0084   06|06   0085   04|04   0086   06|06   0087   04|04   0088   03|03   0089   10|10   0090   05|05   0091   02|02   0092   09|09   0093   02|02   0094   04|04   0095   00|
|      04      |      07      |      05      |      01      |      02      |      08      |      09      |      04      |      04      |      09      |      02      |      07      |
+--------------+--------------+--------------+--------------+--------------+--------------+--------------+--------------+--------------+--------------+--------------+--------------+
|      04      |      07      |      05      |      01      |      02      |      08      |      09      |      04      |      04      |      09      |      02      |      07      |
|00   0096   01|01   0097   03|03   0098   10|10   0099   01|01   0100   02|02   0101   09|09   0102   06|06   0103   01|01   0104   08|08   0105   06|06   0106   01|01   0107   00|
|      01      |      07      |      03      |      04      |      09      |      07      |      10      |      09      |      04      |      07      |      06      |      04      |
+--------------+--------------+--------------+--------------+--------------+--------------+--------------+--------------+--------------+--------------+--------------+--------------+
|      01      |      07      |      03      |      04      |      09      |      07      |      10      |      09      |      04      |      07      |      06      |      04      |
|00   0108   04|04   0109   10|10   0110   05|05   0111   01|01   0112   10|10   0113   01|01   0114   01|01   0115   05|05   0116   02|02   0117   02|02   0118   10|10   0119   00|
|      09      |      03      |      10      |      10      |      01      |      09      |      04      |      01      |      01      |      07      |      08      |      01      |
+--------------+--------------+--------------+--------------+--------------+--------------+--------------+--------------+--------------+--------------+--------------+--------------+
|      09      |      03      |      10      |      10      |      01      |      09      |      04      |      01      |      01      |      07      |      08      |      01      |
|00   0120   10|10   0121   08|08   0122   02|02   0123   06|06   0124   03|03   0125   01|01   0126   09|09   0127   05|05   0128   07|07   0129   08|08   0130   06|06   0131   00|
|      03      |      04      |      02      |      10      |      06      |      01      |      10      |      06      |      08      |      05      |      02      |      06      |
+--------------+--------------+--------------+--------------+--------------+--------------+--------------+--------------+--------------+--------------+--------------+--------------+
|      03      |      04      |      02      |      10      |      06      |      01      |      10      |      06      |      08      |      05      |      02      |      06      |
|00   0132   10|10   0133   09|09   0134   04|04   0135   09|09   0136   03|03   0137   09|09   0138   02|02   0139   10|10   0140   04|04   0141   04|04   0142   07|07   0143   00|
|      00      |      00      |      00      |      00      |      00      |      00      |      00      |      00      |      00      |      00      |      00      |      00      |
+--------------+--------------+--------------+--------------+--------------+--------------+--------------+--------------+--------------+--------------+--------------+--------------+



Shuffled board
<deb>
+--------------+--------------+--------------+--------------+--------------+--------------+--------------+--------------+--------------+--------------+--------------+--------------+
|      10      |      04      |      07      |      02      |      00      |      04      |      03      |      10      |      03      |      01      |      04      |      02      |
|06   0038   01|08   0061   08|03   0070   04|07   0073   02|02   0007   04|10   0080   10|05   0041   03|02   0123   06|00   0048   05|05   0077   04|01   0104   08|02   0052   06|
|      10      |      02      |      02      |      08      |      02      |      02      |      09      |      10      |      02      |      01      |      04      |      04      |
+--------------+--------------+--------------+--------------+--------------+--------------+--------------+--------------+--------------+--------------+--------------+--------------+
|      00      |      00      |      09      |      03      |      04      |      05      |      08      |      05      |      01      |      01      |      09      |      02      |
|09   0011   00|07   0001   02|10   0081   02|10   0110   05|01   0064   02|04   0141   04|08   0031   08|02   0074   07|04   0021   04|09   0093   02|06   0053   07|03   0042   07|
|      03      |      07      |      01      |      10      |      06      |      00      |      10      |      06      |      01      |      09      |      02      |      05      |
+--------------+--------------+--------------+--------------+--------------+--------------+--------------+--------------+--------------+--------------+--------------+--------------+
|      07      |      07      |      00      |      01      |      04      |      01      |      09      |      07      |      00      |      10      |      05      |      06      |
|07   0129   08|01   0013   05|10   0009   04|05   0128   07|05   0116   02|08   0046   02|01   0115   05|07   0017   03|00   0000   07|01   0114   01|05   0028   03|02   0056   07|
|      05      |      09      |      01      |      08      |      01      |      04      |      01      |      06      |      06      |      04      |      08      |      07      |
+--------------+--------------+--------------+--------------+--------------+--------------+--------------+--------------+--------------+--------------+--------------+--------------+
|      01      |      02      |      08      |      00      |      04      |      08      |      09      |      02      |      09      |      01      |      10      |      02      |
|10   0099   01|06   0106   01|07   0057   04|04   0010   09|06   0087   04|04   0026   06|00   0084   06|02   0092   09|05   0025   04|09   0127   05|04   0095   00|00   0060   08|
|      04      |      06      |      07      |      10      |      01      |      10      |      04      |      04      |      03      |      06      |      07      |      03      |
+--------------+--------------+--------------+--------------+--------------+--------------+--------------+--------------+--------------+--------------+--------------+--------------+
|      06      |      06      |      02      |      02      |      06      |      07      |      10      |      09      |      04      |      00      |      04      |      06      |
|06   0027   05|10   0090   05|08   0032   04|01   0100   02|02   0139   10|04   0083   00|07   0043   09|07   0079   10|05   0111   01|03   0006   02|10   0119   00|05   0076   05|
|      09      |      09      |      09      |      09      |      00      |      10      |      02      |      08      |      10      |      10      |      01      |      05      |
+--------------+--------------+--------------+--------------+--------------+--------------+--------------+--------------+--------------+--------------+--------------+--------------+
|      00      |      07      |      07      |      07      |      10      |      09      |      05      |      05      |      03      |      08      |      01      |      00      |
|04   0008   10|07   0068   02|02   0069   03|02   0030   08|00   0024   05|04   0078   07|05   0014   03|07   0035   00|05   0037   06|05   0091   02|03   0137   09|01   0005   03|
|      01      |      04      |      09      |      02      |      10      |      06      |      08      |      05      |      04      |      04      |      00      |      07      |
+--------------+--------------+--------------+--------------+--------------+--------------+--------------+--------------+--------------+--------------+--------------+--------------+
|      09      |      08      |      04      |      06      |      04      |      10      |      03      |      06      |      01      |      01      |      08      |      07      |
|01   0112   10|06   0085   04|06   0103   01|03   0029   02|04   0058   08|04   0022   07|00   0132   10|09   0136   03|03   0034   07|03   0015   03|10   0140   04|02   0117   02|
|      01      |      07      |      09      |      03      |      07      |      01      |      00      |      00      |      01      |      06      |      00      |      07      |
+--------------+--------------+--------------+--------------+--------------+--------------+--------------+--------------+--------------+--------------+--------------+--------------+
|      02      |      03      |      09      |      05      |      07      |      08      |      07      |      01      |      10      |      04      |      03      |      07      |
|02   0082   04|07   0023   00|02   0094   04|03   0016   07|01   0097   03|08   0062   03|01   0107   00|00   0108   04|05   0050   07|08   0059   00|03   0045   08|04   0109   10|
|      09      |      05      |      02      |      05      |      07      |      05      |      04      |      09      |      08      |      02      |      08      |      03      |
+--------------+--------------+--------------+--------------+--------------+--------------+--------------+--------------+--------------+--------------+--------------+--------------+
|      04      |      05      |      08      |      09      |      02      |      09      |      10      |      10      |      08      |      01      |      06      |      00      |
|00   0096   01|03   0098   10|02   0101   09|08   0105   06|04   0071   00|03   0125   01|04   0135   09|08   0122   02|02   0040   05|04   0033   03|07   0143   00|05   0004   01|
|      01      |      03      |      07      |      07      |      07      |      01      |      00      |      02      |      02      |      03      |      00      |      05      |
+--------------+--------------+--------------+--------------+--------------+--------------+--------------+--------------+--------------+--------------+--------------+--------------+
|      02      |      05      |      01      |      10      |      10      |      09      |      05      |      10      |      02      |      05      |      09      |      02      |
|02   0065   07|03   0063   01|03   0089   10|03   0018   05|07   0051   02|09   0044   03|02   0047   00|09   0138   02|05   0055   02|04   0088   03|01   0039   02|04   0142   07|
|      01      |      01      |      08      |      07      |      05      |      06      |      04      |      00      |      04      |      02      |      10      |      00      |
+--------------+--------------+--------------+--------------+--------------+--------------+--------------+--------------+--------------+--------------+--------------+--------------+
|      04      |      06      |      06      |      03      |      07      |      01      |      01      |      02      |      03      |      09      |      00      |      04      |
|10   0133   09|00   0012   01|02   0118   10|10   0121   08|10   0113   01|06   0131   00|06   0020   04|05   0019   06|00   0072   07|09   0102   06|02   0002   01|05   0049   05|
|      00      |      10      |      08      |      04      |      09      |      06      |      02      |      08      |      09      |      10      |      05      |      04      |
+--------------+--------------+--------------+--------------+--------------+--------------+--------------+--------------+--------------+--------------+--------------+--------------+
|      08      |      04      |      05      |      00      |      05      |      01      |      04      |      06      |      01      |      02      |      09      |      10      |
|08   0130   06|01   0126   09|07   0054   05|01   0003   05|07   0066   08|07   0075   05|08   0067   07|04   0086   06|06   0124   03|09   0134   04|00   0120   10|00   0036   05|
|      02      |      10      |      05      |      01      |      09      |      04      |      09      |      05      |      06      |      00      |      03      |      03      |
+--------------+--------------+--------------+--------------+--------------+--------------+--------------+--------------+--------------+--------------+--------------+--------------+



Solving: may the time be with you
<deb>
+--------------+--------------+--------------+--------------+--------------+--------------+--------------+--------------+--------------+--------------+--------------+--------------+
|      00      |      00      |      00      |      00      |      00      |      00      |      00      |      00      |      00      |      00      |      00      |      00      |
|00   0000   07|07   0001   02|02   0002   01|01   0003   05|05   0004   01|01   0005   03|03   0006   02|02   0007   04|04   0008   10|10   0009   04|04   0010   09|09   0011   00|
|      06      |      07      |      05      |      01      |      05      |      07      |      10      |      02      |      01      |      01      |      10      |      03      |
+--------------+--------------+--------------+--------------+--------------+--------------+--------------+--------------+--------------+--------------+--------------+--------------+
|      06      |      07      |      05      |      01      |      05      |      07      |      10      |      02      |      01      |      01      |      10      |      03      |
|00   0012   01|01   0013   05|05   0028   03|03   0015   03|03   0016   07|07   0017   03|03   0018   05|05   0019   06|06   0020   04|04   0021   04|04   0022   07|07   0023   00|
|      10      |      09      |      08      |      06      |      05      |      06      |      07      |      08      |      02      |      01      |      01      |      05      |
+--------------+--------------+--------------+--------------+--------------+--------------+--------------+--------------+--------------+--------------+--------------+--------------+
|      10      |      09      |      08      |      06      |      05      |      06      |      07      |      08      |      02      |      01      |      01      |      05      |
|00   0024   05|05   0025   04|04   0026   06|06   0027   05|05   0014   03|03   0029   02|02   0030   08|08   0031   08|08   0032   04|04   0033   03|03   0034   07|07   0035   00|
|      10      |      03      |      10      |      09      |      08      |      03      |      02      |      10      |      09      |      03      |      01      |      05      |
+--------------+--------------+--------------+--------------+--------------+--------------+--------------+--------------+--------------+--------------+--------------+--------------+
|      10      |      03      |      10      |      09      |      08      |      03      |      02      |      10      |      09      |      03      |      01      |      05      |
|00   0036   05|05   0037   06|06   0038   01|01   0039   02|02   0040   05|05   0041   03|03   0042   07|07   0043   09|09   0044   03|03   0045   08|08   0046   02|02   0047   00|
|      03      |      04      |      10      |      10      |      02      |      09      |      05      |      02      |      06      |      08      |      04      |      04      |
+--------------+--------------+--------------+--------------+--------------+--------------+--------------+--------------+--------------+--------------+--------------+--------------+
|      03      |      04      |      10      |      10      |      02      |      09      |      05      |      02      |      06      |      08      |      04      |      04      |
|00   0048   05|05   0049   05|05   0050   07|07   0051   02|02   0052   06|06   0053   07|07   0054   05|05   0055   02|02   0056   07|07   0057   04|04   0058   08|08   0059   00|
|      02      |      04      |      08      |      05      |      04      |      02      |      05      |      04      |      07      |      07      |      07      |      02      |
+--------------+--------------+--------------+--------------+--------------+--------------+--------------+--------------+--------------+--------------+--------------+--------------+
|      02      |      04      |      08      |      05      |      04      |      02      |      05      |      04      |      07      |      07      |      07      |      02      |
|00   0060   08|08   0061   08|08   0062   03|03   0063   01|01   0064   02|02   0065   07|07   0066   08|08   0067   07|07   0068   02|02   0069   03|03   0070   04|04   0071   00|
|      03      |      02      |      05      |      01      |      06      |      01      |      09      |      09      |      04      |      09      |      02      |      07      |
+--------------+--------------+--------------+--------------+--------------+--------------+--------------+--------------+--------------+--------------+--------------+--------------+
|      03      |      02      |      05      |      01      |      06      |      01      |      09      |      09      |      04      |      09      |      02      |      07      |
|00   0072   07|07   0073   02|02   0074   07|07   0075   05|05   0076   05|05   0077   04|04   0078   07|07   0079   10|10   0080   10|10   0081   02|02   0082   04|04   0083   00|
|      09      |      08      |      06      |      04      |      05      |      01      |      06      |      08      |      02      |      01      |      09      |      10      |
+--------------+--------------+--------------+--------------+--------------+--------------+--------------+--------------+--------------+--------------+--------------+--------------+
|      09      |      08      |      06      |      04      |      05      |      01      |      06      |      08      |      02      |      01      |      09      |      10      |
|00   0084   06|06   0085   04|04   0086   06|06   0087   04|04   0088   03|03   0089   10|10   0090   05|05   0091   02|02   0092   09|09   0093   02|02   0094   04|04   0095   00|
|      04      |      07      |      05      |      01      |      02      |      08      |      09      |      04      |      04      |      09      |      02      |      07      |
+--------------+--------------+--------------+--------------+--------------+--------------+--------------+--------------+--------------+--------------+--------------+--------------+
|      04      |      07      |      05      |      01      |      02      |      08      |      09      |      04      |      04      |      09      |      02      |      07      |
|00   0096   01|01   0097   03|03   0098   10|10   0099   01|01   0100   02|02   0101   09|09   0102   06|06   0103   01|01   0104   08|08   0105   06|06   0106   01|01   0107   00|
|      01      |      07      |      03      |      04      |      09      |      07      |      10      |      09      |      04      |      07      |      06      |      04      |
+--------------+--------------+--------------+--------------+--------------+--------------+--------------+--------------+--------------+--------------+--------------+--------------+
|      01      |      07      |      03      |      04      |      09      |      07      |      10      |      09      |      04      |      07      |      06      |      04      |
|00   0108   04|04   0109   10|10   0110   05|05   0111   01|01   0112   10|10   0113   01|01   0114   01|01   0115   05|05   0116   02|02   0117   02|02   0118   10|10   0119   00|
|      09      |      03      |      10      |      10      |      01      |      09      |      04      |      01      |      01      |      07      |      08      |      01      |
+--------------+--------------+--------------+--------------+--------------+--------------+--------------+--------------+--------------+--------------+--------------+--------------+
|      09      |      03      |      10      |      10      |      01      |      09      |      04      |      01      |      01      |      07      |      08      |      01      |
|00   0120   10|10   0121   08|08   0122   02|02   0123   06|06   0124   03|03   0125   01|01   0126   09|09   0127   05|05   0128   07|07   0129   08|08   0130   06|06   0131   00|
|      03      |      04      |      02      |      10      |      06      |      01      |      10      |      06      |      08      |      05      |      02      |      06      |
+--------------+--------------+--------------+--------------+--------------+--------------+--------------+--------------+--------------+--------------+--------------+--------------+
|      03      |      04      |      02      |      10      |      06      |      01      |      10      |      06      |      08      |      05      |      02      |      06      |
|00   0132   10|10   0133   09|09   0134   04|04   0135   09|09   0136   03|03   0137   09|09   0138   02|02   0139   10|10   0140   04|04   0141   04|04   0142   07|07   0143   00|
|      00      |      00      |      00      |      00      |      00      |      00      |      00      |      00      |      00      |      00      |      00      |      00      |
+--------------+--------------+--------------+--------------+--------------+--------------+--------------+--------------+--------------+--------------+--------------+--------------+

<deb>
+--------------+--------------+--------------+--------------+--------------+--------------+--------------+--------------+--------------+--------------+--------------+--------------+
|      00      |      00      |      00      |      00      |      00      |      00      |      00      |      00      |      00      |      00      |      00      |      00      |
|00   0000   07|07   0001   02|02   0002   01|01   0003   05|05   0004   01|01   0005   03|03   0006   02|02   0007   04|04   0008   10|10   0009   04|04   0010   09|09   0011   00|
|      06      |      07      |      05      |      01      |      05      |      07      |      10      |      02      |      01      |      01      |      10      |      03      |
+--------------+--------------+--------------+--------------+--------------+--------------+--------------+--------------+--------------+--------------+--------------+--------------+
|      06      |      07      |      05      |      01      |      05      |      07      |      10      |      02      |      01      |      01      |      10      |      03      |
|00   0012   01|01   0013   05|05   0014   03|03   0015   03|03   0016   07|07   0017   03|03   0018   05|05   0019   06|06   0020   04|04   0021   04|04   0022   07|07   0023   00|
|      10      |      09      |      08      |      06      |      05      |      06      |      07      |      08      |      02      |      01      |      01      |      05      |
+--------------+--------------+--------------+--------------+--------------+--------------+--------------+--------------+--------------+--------------+--------------+--------------+
|      10      |      09      |      08      |      06      |      05      |      06      |      07      |      08      |      02      |      01      |      01      |      05      |
|00   0024   05|05   0025   04|04   0026   06|06   0027   05|05   0028   03|03   0029   02|02   0030   08|08   0031   08|08   0032   04|04   0033   03|03   0034   07|07   0035   00|
|      10      |      03      |      10      |      09      |      08      |      03      |      02      |      10      |      09      |      03      |      01      |      05      |
+--------------+--------------+--------------+--------------+--------------+--------------+--------------+--------------+--------------+--------------+--------------+--------------+
|      10      |      03      |      10      |      09      |      08      |      03      |      02      |      10      |      09      |      03      |      01      |      05      |
|00   0036   05|05   0037   06|06   0038   01|01   0039   02|02   0040   05|05   0041   03|03   0042   07|07   0043   09|09   0044   03|03   0045   08|08   0046   02|02   0047   00|
|      03      |      04      |      10      |      10      |      02      |      09      |      05      |      02      |      06      |      08      |      04      |      04      |
+--------------+--------------+--------------+--------------+--------------+--------------+--------------+--------------+--------------+--------------+--------------+--------------+
|      03      |      04      |      10      |      10      |      02      |      09      |      05      |      02      |      06      |      08      |      04      |      04      |
|00   0048   05|05   0049   05|05   0050   07|07   0051   02|02   0052   06|06   0053   07|07   0054   05|05   0055   02|02   0056   07|07   0057   04|04   0058   08|08   0059   00|
|      02      |      04      |      08      |      05      |      04      |      02      |      05      |      04      |      07      |      07      |      07      |      02      |
+--------------+--------------+--------------+--------------+--------------+--------------+--------------+--------------+--------------+--------------+--------------+--------------+
|      02      |      04      |      08      |      05      |      04      |      02      |      05      |      04      |      07      |      07      |      07      |      02      |
|00   0060   08|08   0061   08|08   0062   03|03   0063   01|01   0064   02|02   0065   07|07   0066   08|08   0067   07|07   0068   02|02   0069   03|03   0070   04|04   0071   00|
|      03      |      02      |      05      |      01      |      06      |      01      |      09      |      09      |      04      |      09      |      02      |      07      |
+--------------+--------------+--------------+--------------+--------------+--------------+--------------+--------------+--------------+--------------+--------------+--------------+
|      03      |      02      |      05      |      01      |      06      |      01      |      09      |      09      |      04      |      09      |      02      |      07      |
|00   0072   07|07   0073   02|02   0074   07|07   0075   05|05   0076   05|05   0077   04|04   0078   07|07   0079   10|10   0080   10|10   0081   02|02   0082   04|04   0083   00|
|      09      |      08      |      06      |      04      |      05      |      01      |      06      |      08      |      02      |      01      |      09      |      10      |
+--------------+--------------+--------------+--------------+--------------+--------------+--------------+--------------+--------------+--------------+--------------+--------------+
|      09      |      08      |      06      |      04      |      05      |      01      |      06      |      08      |      02      |      01      |      09      |      10      |
|00   0084   06|06   0085   04|04   0086   06|06   0087   04|04   0088   03|03   0089   10|10   0090   05|05   0091   02|02   0092   09|09   0093   02|02   0094   04|04   0095   00|
|      04      |      07      |      05      |      01      |      02      |      08      |      09      |      04      |      04      |      09      |      02      |      07      |
+--------------+--------------+--------------+--------------+--------------+--------------+--------------+--------------+--------------+--------------+--------------+--------------+
|      04      |      07      |      05      |      01      |      02      |      08      |      09      |      04      |      04      |      09      |      02      |      07      |
|00   0096   01|01   0097   03|03   0098   10|10   0099   01|01   0100   02|02   0101   09|09   0102   06|06   0103   01|01   0104   08|08   0105   06|06   0106   01|01   0107   00|
|      01      |      07      |      03      |      04      |      09      |      07      |      10      |      09      |      04      |      07      |      06      |      04      |
+--------------+--------------+--------------+--------------+--------------+--------------+--------------+--------------+--------------+--------------+--------------+--------------+
|      01      |      07      |      03      |      04      |      09      |      07      |      10      |      09      |      04      |      07      |      06      |      04      |
|00   0108   04|04   0109   10|10   0110   05|05   0111   01|01   0112   10|10   0113   01|01   0114   01|01   0115   05|05   0116   02|02   0117   02|02   0118   10|10   0119   00|
|      09      |      03      |      10      |      10      |      01      |      09      |      04      |      01      |      01      |      07      |      08      |      01      |
+--------------+--------------+--------------+--------------+--------------+--------------+--------------+--------------+--------------+--------------+--------------+--------------+
|      09      |      03      |      10      |      10      |      01      |      09      |      04      |      01      |      01      |      07      |      08      |      01      |
|00   0120   10|10   0121   08|08   0122   02|02   0123   06|06   0124   03|03   0125   01|01   0126   09|09   0127   05|05   0128   07|07   0129   08|08   0130   06|06   0131   00|
|      03      |      04      |      02      |      10      |      06      |      01      |      10      |      06      |      08      |      05      |      02      |      06      |
+--------------+--------------+--------------+--------------+--------------+--------------+--------------+--------------+--------------+--------------+--------------+--------------+
|      03      |      04      |      02      |      10      |      06      |      01      |      10      |      06      |      08      |      05      |      02      |      06      |
|00   0132   10|10   0133   09|09   0134   04|04   0135   09|09   0136   03|03   0137   09|09   0138   02|02   0139   10|10   0140   04|04   0141   04|04   0142   07|07   0143   00|
|      00      |      00      |      00      |      00      |      00      |      00      |      00      |      00      |      00      |      00      |      00      |      00      |
+--------------+--------------+--------------+--------------+--------------+--------------+--------------+--------------+--------------+--------------+--------------+--------------+



Solving: end of time
