Initial board
<deb>
+--------------+--------------+--------------+--------------+--------------+
|      00      |      00      |      00      |      00      |      00      |
|00   0000   05|05   0001   03|03   0002   02|02   0003   04|04   0004   00|
|      02      |      05      |      04      |      02      |      02      |
+--------------+--------------+--------------+--------------+--------------+
|      02      |      05      |      04      |      02      |      02      |
|00   0005   04|04   0006   05|05   0007   05|05   0008   05|05   0009   00|
|      04      |      05      |      02      |      05      |      05      |
+--------------+--------------+--------------+--------------+--------------+
|      04      |      05      |      02      |      05      |      05      |
|00   0010   01|01   0011   05|05   0012   02|02   0013   01|01   0014   00|
|      03      |      04      |      02      |      01      |      03      |
+--------------+--------------+--------------+--------------+--------------+
|      03      |      04      |      02      |      01      |      03      |
|00   0015   01|01   0016   01|01   0017   04|04   0018   01|01   0019   00|
|      05      |      02      |      04      |      01      |      01      |
+--------------+--------------+--------------+--------------+--------------+
|      05      |      02      |      04      |      01      |      01      |
|00   0020   04|04   0021   03|03   0022   03|03   0023   02|02   0024   00|
|      00      |      00      |      00      |      00      |      00      |
+--------------+--------------+--------------+--------------+--------------+



Shuffled board
<deb>
+--------------+--------------+--------------+--------------+--------------+
|      05      |      02      |      04      |      05      |      02      |
|00   0020   04|05   0009   00|00   0010   01|01   0011   05|00   0005   04|
|      00      |      05      |      03      |      04      |      04      |
+--------------+--------------+--------------+--------------+--------------+
|      05      |      01      |      00      |      02      |      04      |
|02   0013   01|03   0023   02|02   0003   04|01   0017   04|05   0007   05|
|      01      |      00      |      02      |      04      |      02      |
+--------------+--------------+--------------+--------------+--------------+
|      00      |      04      |      03      |      02      |      00      |
|03   0002   02|03   0022   03|00   0015   01|05   0008   05|04   0004   00|
|      04      |      00      |      05      |      05      |      02      |
+--------------+--------------+--------------+--------------+--------------+
|      00      |      01      |      00      |      02      |      05      |
|00   0000   05|02   0024   00|05   0001   03|04   0021   03|04   0006   05|
|      02      |      00      |      05      |      00      |      05      |
+--------------+--------------+--------------+--------------+--------------+
|      02      |      04      |      03      |      05      |      01      |
|05   0012   02|01   0016   01|01   0019   00|01   0014   00|04   0018   01|
|      02      |      02      |      01      |      03      |      01      |
+--------------+--------------+--------------+--------------+--------------+



Solving: may the time be with you
<deb>
+--------------+--------------+--------------+--------------+--------------+
|      00      |      00      |      00      |      00      |      00      |
|00   0020   05|05   0015   03|03   0010   04|04   0005   02|02   0000   00|
|      04      |      01      |      01      |      04      |      05      |
+--------------+--------------+--------------+--------------+--------------+
|      04      |      01      |      01      |      04      |      05      |
|00   0003   02|02   0016   04|04   0011   05|05   0006   05|05   0001   00|
|      02      |      01      |      05      |      05      |      03      |
+--------------+--------------+--------------+--------------+--------------+
|      02      |      01      |      05      |      05      |      03      |
|00   0002   04|04   0017   02|02   0012   02|02   0007   04|04   0022   00|
|      03      |      04      |      02      |      05      |      03      |
+--------------+--------------+--------------+--------------+--------------+
|      03      |      04      |      02      |      05      |      03      |
|00   0023   01|01   0018   01|01   0013   05|05   0008   02|02   0021   00|
|      02      |      01      |      01      |      05      |      04      |
+--------------+--------------+--------------+--------------+--------------+
|      02      |      01      |      01      |      05      |      04      |
|00   0024   01|01   0019   03|03   0014   05|05   0009   02|02   0004   00|
|      00      |      00      |      00      |      00      |      00      |
+--------------+--------------+--------------+--------------+--------------+

<deb>
+--------------+--------------+--------------+--------------+--------------+
|      00      |      00      |      00      |      00      |      00      |
|00   0020   05|05   0015   03|03   0010   04|04   0005   02|02   0000   00|
|      04      |      01      |      01      |      04      |      05      |
+--------------+--------------+--------------+--------------+--------------+
|      04      |      01      |      01      |      04      |      05      |
|00   0021   02|02   0016   04|04   0011   05|05   0006   05|05   0001   00|
|      03      |      01      |      05      |      05      |      03      |
+--------------+--------------+--------------+--------------+--------------+
|      03      |      01      |      05      |      05      |      03      |
|00   0022   04|04   0017   02|02   0012   02|02   0007   04|04   0002   00|
|      03      |      04      |      02      |      05      |      02      |
+--------------+--------------+--------------+--------------+--------------+
|      03      |      04      |      02      |      05      |      02      |
|00   0023   01|01   0018   01|01   0013   05|05   0008   02|02   0003   00|
|      02      |      01      |      01      |      05      |      04      |
+--------------+--------------+--------------+--------------+--------------+
|      02      |      01      |      01      |      05      |      04      |
|00   0024   01|01   0019   03|03   0014   05|05   0009   02|02   0004   00|
|      00      |      00      |      00      |      00      |      00      |
+--------------+--------------+--------------+--------------+--------------+

<deb>
+--------------+--------------+--------------+--------------+--------------+
|      00      |      00      |      00      |      00      |      00      |
|00   0020   05|05   0015   03|03   0022   03|03   0019   01|01   0024   00|
|      04      |      01      |      04      |      01      |      02      |
+--------------+--------------+--------------+--------------+--------------+
|      04      |      01      |      04      |      01      |      02      |
|00   0021   02|02   0016   04|04   0017   01|01   0018   01|01   0023   00|
|      03      |      01      |      02      |      04      |      03      |
+--------------+--------------+--------------+--------------+--------------+
|      03      |      01      |      02      |      04      |      03      |
|00   0014   01|01   0013   02|02   0012   05|05   0011   01|01   0010   00|
|      05      |      05      |      02      |      05      |      04      |
+--------------+--------------+--------------+--------------+--------------+
|      05      |      05      |      02      |      05      |      04      |
|00   0009   05|05   0008   05|05   0007   05|05   0006   04|04   0005   00|
|      02      |      02      |      04      |      05      |      02      |
+--------------+--------------+--------------+--------------+--------------+
|      02      |      02      |      04      |      05      |      02      |
|00   0004   04|04   0003   02|02   0002   03|03   0001   05|05   0000   00|
|      00      |      00      |      00      |      00      |      00      |
+--------------+--------------+--------------+--------------+--------------+

<deb>
+--------------+--------------+--------------+--------------+--------------+
|      00      |      00      |      00      |      00      |      00      |
|00   0020   05|05   0014   03|03   0010   04|04   0005   02|02   0000   00|
|      04      |      01      |      01      |      04      |      05      |
+--------------+--------------+--------------+--------------+--------------+
|      04      |      01      |      01      |      04      |      05      |
|00   0003   02|02   0016   04|04   0011   05|05   0006   05|05   0001   00|
|      02      |      01      |      05      |      05      |      03      |
+--------------+--------------+--------------+--------------+--------------+
|      02      |      01      |      05      |      05      |      03      |
|00   0002   04|04   0017   02|02   0012   02|02   0007   04|04   0022   00|
|      03      |      04      |      02      |      05      |      03      |
+--------------+--------------+--------------+--------------+--------------+
|      03      |      04      |      02      |      05      |      03      |
|00   0023   01|01   0018   01|01   0013   05|05   0008   02|02   0021   00|
|      02      |      01      |      01      |      05      |      04      |
+--------------+--------------+--------------+--------------+--------------+
|      02      |      01      |      01      |      05      |      04      |
|00   0024   01|01   0019   03|03   0015   05|05   0009   02|02   0004   00|
|      00      |      00      |      00      |      00      |      00      |
+--------------+--------------+--------------+--------------+--------------+

<deb>
+--------------+--------------+--------------+--------------+--------------+
|      00      |      00      |      00      |      00      |      00      |
|00   0020   05|05   0014   03|03   0010   04|04   0005   02|02   0000   00|
|      04      |      01      |      01      |      04      |      05      |
+--------------+--------------+--------------+--------------+--------------+
|      04      |      01      |      01      |      04      |      05      |
|00   0021   02|02   0016   04|04   0011   05|05   0006   05|05   0001   00|
|      03      |      01      |      05      |      05      |      03      |
+--------------+--------------+--------------+--------------+--------------+
|      03      |      01      |      05      |      05      |      03      |
|00   0022   04|04   0017   02|02   0012   02|02   0007   04|04   0002   00|
|      03      |      04      |      02      |      05      |      02      |
+--------------+--------------+--------------+--------------+--------------+
|      03      |      04      |      02      |      05      |      02      |
|00   0023   01|01   0018   01|01   0013   05|05   0008   02|02   0003   00|
|      02      |      01      |      01      |      05      |      04      |
+--------------+--------------+--------------+--------------+--------------+
|      02      |      01      |      01      |      05      |      04      |
|00   0024   01|01   0019   03|03   0015   05|05   0009   02|02   0004   00|
|      00      |      00      |      00      |      00      |      00      |
+--------------+--------------+--------------+--------------+--------------+

<deb>
+--------------+--------------+--------------+--------------+--------------+
|      00      |      00      |      00      |      00      |      00      |
|00   0020   05|05   0014   03|03   0022   03|03   0019   01|01   0024   00|
|      04      |      01      |      04      |      01      |      02      |
+--------------+--------------+--------------+--------------+--------------+
|      04      |      01      |      04      |      01      |      02      |
|00   0021   02|02   0016   04|04   0017   01|01   0018   01|01   0023   00|
|      03      |      01      |      02      |      04      |      03      |
+--------------+--------------+--------------+--------------+--------------+
|      03      |      01      |      02      |      04      |      03      |
|00   0015   01|01   0013   02|02   0012   05|05   0011   01|01   0010   00|
|      05      |      05      |      02      |      05      |      04      |
+--------------+--------------+--------------+--------------+--------------+
|      05      |      05      |      02      |      05      |      04      |
|00   0009   05|05   0008   05|05   0007   05|05   0006   04|04   0005   00|
|      02      |      02      |      04      |      05      |      02      |
+--------------+--------------+--------------+--------------+--------------+
|      02      |      02      |      04      |      05      |      02      |
|00   0004   04|04   0003   02|02   0002   03|03   0001   05|05   0000   00|
|      00      |      00      |      00      |      00      |      00      |
+--------------+--------------+--------------+--------------+--------------+

<deb>
+--------------+--------------+--------------+--------------+--------------+
|      00      |      00      |      00      |      00      |      00      |
|00   0004   02|02   0009   05|05   0015   03|03   0021   04|04   0020   00|
|      04      |      05      |      01      |      02      |      05      |
+--------------+--------------+--------------+--------------+--------------+
|      04      |      05      |      01      |      02      |      05      |
|00   0003   02|02   0008   05|05   0013   01|01   0016   01|01   0014   00|
|      02      |      05      |      02      |      04      |      03      |
+--------------+--------------+--------------+--------------+--------------+
|      02      |      05      |      02      |      04      |      03      |
|00   0002   04|04   0007   02|02   0012   02|02   0017   04|04   0022   00|
|      03      |      05      |      05      |      01      |      03      |
+--------------+--------------+--------------+--------------+--------------+
|      03      |      05      |      05      |      01      |      03      |
|00   0001   05|05   0006   05|05   0011   04|04   0018   01|01   0019   00|
|      05      |      04      |      01      |      01      |      01      |
+--------------+--------------+--------------+--------------+--------------+
|      05      |      04      |      01      |      01      |      01      |
|00   0000   02|02   0005   04|04   0010   03|03   0023   02|02   0024   00|
|      00      |      00      |      00      |      00      |      00      |
+--------------+--------------+--------------+--------------+--------------+

<deb>
+--------------+--------------+--------------+--------------+--------------+
|      00      |      00      |      00      |      00      |      00      |
|00   0004   02|02   0009   05|05   0015   03|03   0019   01|01   0024   00|
|      04      |      05      |      01      |      01      |      02      |
+--------------+--------------+--------------+--------------+--------------+
|      04      |      05      |      01      |      01      |      02      |
|00   0003   02|02   0008   05|05   0013   01|01   0018   01|01   0023   00|
|      02      |      05      |      02      |      04      |      03      |
+--------------+--------------+--------------+--------------+--------------+
|      02      |      05      |      02      |      04      |      03      |
|00   0002   04|04   0007   02|02   0012   02|02   0017   04|04   0022   00|
|      03      |      05      |      05      |      01      |      03      |
+--------------+--------------+--------------+--------------+--------------+
|      03      |      05      |      05      |      01      |      03      |
|00   0001   05|05   0006   05|05   0011   04|04   0016   02|02   0021   00|
|      05      |      04      |      01      |      01      |      04      |
+--------------+--------------+--------------+--------------+--------------+
|      05      |      04      |      01      |      01      |      04      |
|00   0000   02|02   0005   04|04   0010   03|03   0014   05|05   0020   00|
|      00      |      00      |      00      |      00      |      00      |
+--------------+--------------+--------------+--------------+--------------+

<deb>
+--------------+--------------+--------------+--------------+--------------+
|      00      |      00      |      00      |      00      |      00      |
|00   0004   02|02   0009   05|05   0015   03|03   0019   01|01   0024   00|
|      04      |      05      |      01      |      01      |      02      |
+--------------+--------------+--------------+--------------+--------------+
|      04      |      05      |      01      |      01      |      02      |
|00   0021   02|02   0008   05|05   0013   01|01   0018   01|01   0023   00|
|      03      |      05      |      02      |      04      |      03      |
+--------------+--------------+--------------+--------------+--------------+
|      03      |      05      |      02      |      04      |      03      |
|00   0022   04|04   0007   02|02   0012   02|02   0017   04|04   0002   00|
|      03      |      05      |      05      |      01      |      02      |
+--------------+--------------+--------------+--------------+--------------+
|      03      |      05      |      05      |      01      |      02      |
|00   0001   05|05   0006   05|05   0011   04|04   0016   02|02   0003   00|
|      05      |      04      |      01      |      01      |      04      |
+--------------+--------------+--------------+--------------+--------------+
|      05      |      04      |      01      |      01      |      04      |
|00   0000   02|02   0005   04|04   0010   03|03   0014   05|05   0020   00|
|      00      |      00      |      00      |      00      |      00      |
+--------------+--------------+--------------+--------------+--------------+

<deb>
+--------------+--------------+--------------+--------------+--------------+
|      00      |      00      |      00      |      00      |      00      |
|00   0004   02|02   0009   05|05   0014   03|03   0021   04|04   0020   00|
|      04      |      05      |      01      |      02      |      05      |
+--------------+--------------+--------------+--------------+--------------+
|      04      |      05      |      01      |      02      |      05      |
|00   0003   02|02   0008   05|05   0013   01|01   0016   01|01   0015   00|
|      02      |      05      |      02      |      04      |      03      |
+--------------+--------------+--------------+--------------+--------------+
|      02      |      05      |      02      |      04      |      03      |
|00   0002   04|04   0007   02|02   0012   02|02   0017   04|04   0022   00|
|      03      |      05      |      05      |      01      |      03      |
+--------------+--------------+--------------+--------------+--------------+
|      03      |      05      |      05      |      01      |      03      |
|00   0001   05|05   0006   05|05   0011   04|04   0018   01|01   0019   00|
|      05      |      04      |      01      |      01      |      01      |
+--------------+--------------+--------------+--------------+--------------+
|      05      |      04      |      01      |      01      |      01      |
|00   0000   02|02   0005   04|04   0010   03|03   0023   02|02   0024   00|
|      00      |      00      |      00      |      00      |      00      |
+--------------+--------------+--------------+--------------+--------------+

<deb>
+--------------+--------------+--------------+--------------+--------------+
|      00      |      00      |      00      |      00      |      00      |
|00   0004   02|02   0009   05|05   0014   03|03   0019   01|01   0024   00|
|      04      |      05      |      01      |      01      |      02      |
+--------------+--------------+--------------+--------------+--------------+
|      04      |      05      |      01      |      01      |      02      |
|00   0003   02|02   0008   05|05   0013   01|01   0018   01|01   0023   00|
|      02      |      05      |      02      |      04      |      03      |
+--------------+--------------+--------------+--------------+--------------+
|      02      |      05      |      02      |      04      |      03      |
|00   0002   04|04   0007   02|02   0012   02|02   0017   04|04   0022   00|
|      03      |      05      |      05      |      01      |      03      |
+--------------+--------------+--------------+--------------+--------------+
|      03      |      05      |      05      |      01      |      03      |
|00   0001   05|05   0006   05|05   0011   04|04   0016   02|02   0021   00|
|      05      |      04      |      01      |      01      |      04      |
+--------------+--------------+--------------+--------------+--------------+
|      05      |      04      |      01      |      01      |      04      |
|00   0000   02|02   0005   04|04   0010   03|03   0015   05|05   0020   00|
|      00      |      00      |      00      |      00      |      00      |
+--------------+--------------+--------------+--------------+--------------+

<deb>
+--------------+--------------+--------------+--------------+--------------+
|      00      |      00      |      00      |      00      |      00      |
|00   0004   02|02   0009   05|05   0014   03|03   0019   01|01   0024   00|
|      04      |      05      |      01      |      01      |      02      |
+--------------+--------------+--------------+--------------+--------------+
|      04      |      05      |      01      |      01      |      02      |
|00   0021   02|02   0008   05|05   0013   01|01   0018   01|01   0023   00|
|      03      |      05      |      02      |      04      |      03      |
+--------------+--------------+--------------+--------------+--------------+
|      03      |      05      |      02      |      04      |      03      |
|00   0022   04|04   0007   02|02   0012   02|02   0017   04|04   0002   00|
|      03      |      05      |      05      |      01      |      02      |
+--------------+--------------+--------------+--------------+--------------+
|      03      |      05      |      05      |      01      |      02      |
|00   0001   05|05   0006   05|05   0011   04|04   0016   02|02   0003   00|
|      05      |      04      |      01      |      01      |      04      |
+--------------+--------------+--------------+--------------+--------------+
|      05      |      04      |      01      |      01      |      04      |
|00   0000   02|02   0005   04|04   0010   03|03   0015   05|05   0020   00|
|      00      |      00      |      00      |      00      |      00      |
+--------------+--------------+--------------+--------------+--------------+

<deb>
+--------------+--------------+--------------+--------------+--------------+
|      00      |      00      |      00      |      00      |      00      |
|00   0000   05|05   0001   03|03   0002   02|02   0003   04|04   0004   00|
|      02      |      05      |      04      |      02      |      02      |
+--------------+--------------+--------------+--------------+--------------+
|      02      |      05      |      04      |      02      |      02      |
|00   0005   04|04   0006   05|05   0007   05|05   0008   05|05   0009   00|
|      04      |      05      |      02      |      05      |      05      |
+--------------+--------------+--------------+--------------+--------------+
|      04      |      05      |      02      |      05      |      05      |
|00   0010   01|01   0011   05|05   0012   02|02   0013   01|01   0015   00|
|      03      |      04      |      02      |      01      |      03      |
+--------------+--------------+--------------+--------------+--------------+
|      03      |      04      |      02      |      01      |      03      |
|00   0023   01|01   0018   01|01   0017   04|04   0016   02|02   0021   00|
|      02      |      01      |      04      |      01      |      04      |
+--------------+--------------+--------------+--------------+--------------+
|      02      |      01      |      04      |      01      |      04      |
|00   0024   01|01   0019   03|03   0022   03|03   0014   05|05   0020   00|
|      00      |      00      |      00      |      00      |      00      |
+--------------+--------------+--------------+--------------+--------------+

<deb>
+--------------+--------------+--------------+--------------+--------------+
|      00      |      00      |      00      |      00      |      00      |
|00   0000   05|05   0001   03|03   0002   02|02   0003   04|04   0004   00|
|      02      |      05      |      04      |      02      |      02      |
+--------------+--------------+--------------+--------------+--------------+
|      02      |      05      |      04      |      02      |      02      |
|00   0005   04|04   0006   05|05   0007   05|05   0008   05|05   0009   00|
|      04      |      05      |      02      |      05      |      05      |
+--------------+--------------+--------------+--------------+--------------+
|      04      |      05      |      02      |      05      |      05      |
|00   0010   01|01   0011   05|05   0012   02|02   0013   01|01   0015   00|
|      03      |      04      |      02      |      01      |      03      |
+--------------+--------------+--------------+--------------+--------------+
|      03      |      04      |      02      |      01      |      03      |
|00   0014   01|01   0016   01|01   0017   04|04   0018   01|01   0019   00|
|      05      |      02      |      04      |      01      |      01      |
+--------------+--------------+--------------+--------------+--------------+
|      05      |      02      |      04      |      01      |      01      |
|00   0020   04|04   0021   03|03   0022   03|03   0023   02|02   0024   00|
|      00      |      00      |      00      |      00      |      00      |
+--------------+--------------+--------------+--------------+--------------+

<deb>
+--------------+--------------+--------------+--------------+--------------+
|      00      |      00      |      00      |      00      |      00      |
|00   0000   05|05   0001   03|03   0002   02|02   0003   04|04   0004   00|
|      02      |      05      |      04      |      02      |      02      |
+--------------+--------------+--------------+--------------+--------------+
|      02      |      05      |      04      |      02      |      02      |
|00   0005   04|04   0006   05|05   0007   05|05   0008   05|05   0009   00|
|      04      |      05      |      02      |      05      |      05      |
+--------------+--------------+--------------+--------------+--------------+
|      04      |      05      |      02      |      05      |      05      |
|00   0010   01|01   0011   05|05   0012   02|02   0013   01|01   0014   00|
|      03      |      04      |      02      |      01      |      03      |
+--------------+--------------+--------------+--------------+--------------+
|      03      |      04      |      02      |      01      |      03      |
|00   0023   01|01   0018   01|01   0017   04|04   0016   02|02   0021   00|
|      02      |      01      |      04      |      01      |      04      |
+--------------+--------------+--------------+--------------+--------------+
|      02      |      01      |      04      |      01      |      04      |
|00   0024   01|01   0019   03|03   0022   03|03   0015   05|05   0020   00|
|      00      |      00      |      00      |      00      |      00      |
+--------------+--------------+--------------+--------------+--------------+

<deb>
+--------------+--------------+--------------+--------------+--------------+
|      00      |      00      |      00      |      00      |      00      |
|00   0000   05|05   0001   03|03   0002   02|02   0003   04|04   0004   00|
|      02      |      05      |      04      |      02      |      02      |
+--------------+--------------+--------------+--------------+--------------+
|      02      |      05      |      04      |      02      |      02      |
|00   0005   04|04   0006   05|05   0007   05|05   0008   05|05   0009   00|
|      04      |      05      |      02      |      05      |      05      |
+--------------+--------------+--------------+--------------+--------------+
|      04      |      05      |      02      |      05      |      05      |
|00   0010   01|01   0011   05|05   0012   02|02   0013   01|01   0014   00|
|      03      |      04      |      02      |      01      |      03      |
+--------------+--------------+--------------+--------------+--------------+
|      03      |      04      |      02      |      01      |      03      |
|00   0015   01|01   0016   01|01   0017   04|04   0018   01|01   0019   00|
|      05      |      02      |      04      |      01      |      01      |
+--------------+--------------+--------------+--------------+--------------+
|      05      |      02      |      04      |      01      |      01      |
|00   0020   04|04   0021   03|03   0022   03|03   0023   02|02   0024   00|
|      00      |      00      |      00      |      00      |      00      |
+--------------+--------------+--------------+--------------+--------------+

<deb>
+--------------+--------------+--------------+--------------+--------------+
|      00      |      00      |      00      |      00      |      00      |
|00   0000   05|05   0001   03|03   0022   03|03   0021   04|04   0004   00|
|      02      |      05      |      04      |      02      |      02      |
+--------------+--------------+--------------+--------------+--------------+
|      02      |      05      |      04      |      02      |      02      |
|00   0005   04|04   0006   05|05   0007   05|05   0008   05|05   0009   00|
|      04      |      05      |      02      |      05      |      05      |
+--------------+--------------+--------------+--------------+--------------+
|      04      |      05      |      02      |      05      |      05      |
|00   0010   01|01   0011   05|05   0012   02|02   0013   01|01   0015   00|
|      03      |      04      |      02      |      01      |      03      |
+--------------+--------------+--------------+--------------+--------------+
|      03      |      04      |      02      |      01      |      03      |
|00   0014   01|01   0016   01|01   0017   04|04   0018   01|01   0019   00|
|      05      |      02      |      04      |      01      |      01      |
+--------------+--------------+--------------+--------------+--------------+
|      05      |      02      |      04      |      01      |      01      |
|00   0020   04|04   0003   02|02   0002   03|03   0023   02|02   0024   00|
|      00      |      00      |      00      |      00      |      00      |
+--------------+--------------+--------------+--------------+--------------+

<deb>
+--------------+--------------+--------------+--------------+--------------+
|      00      |      00      |      00      |      00      |      00      |
|00   0000   05|05   0001   03|03   0022   03|03   0021   04|04   0004   00|
|      02      |      05      |      04      |      02      |      02      |
+--------------+--------------+--------------+--------------+--------------+
|      02      |      05      |      04      |      02      |      02      |
|00   0005   04|04   0006   05|05   0007   05|05   0008   05|05   0009   00|
|      04      |      05      |      02      |      05      |      05      |
+--------------+--------------+--------------+--------------+--------------+
|      04      |      05      |      02      |      05      |      05      |
|00   0010   01|01   0011   05|05   0012   02|02   0013   01|01   0014   00|
|      03      |      04      |      02      |      01      |      03      |
+--------------+--------------+--------------+--------------+--------------+
|      03      |      04      |      02      |      01      |      03      |
|00   0015   01|01   0016   01|01   0017   04|04   0018   01|01   0019   00|
|      05      |      02      |      04      |      01      |      01      |
+--------------+--------------+--------------+--------------+--------------+
|      05      |      02      |      04      |      01      |      01      |
|00   0020   04|04   0003   02|02   0002   03|03   0023   02|02   0024   00|
|      00      |      00      |      00      |      00      |      00      |
+--------------+--------------+--------------+--------------+--------------+

<deb>
+--------------+--------------+--------------+--------------+--------------+
|      00      |      00      |      00      |      00      |      00      |
|00   0024   02|02   0023   03|03   0010   04|04   0005   02|02   0000   00|
|      01      |      01      |      01      |      04      |      05      |
+--------------+--------------+--------------+--------------+--------------+
|      01      |      01      |      01      |      04      |      05      |
|00   0019   01|01   0018   04|04   0011   05|05   0006   05|05   0001   00|
|      03      |      01      |      05      |      05      |      03      |
+--------------+--------------+--------------+--------------+--------------+
|      03      |      01      |      05      |      05      |      03      |
|00   0022   04|04   0017   02|02   0012   02|02   0007   04|04   0002   00|
|      03      |      04      |      02      |      05      |      02      |
+--------------+--------------+--------------+--------------+--------------+
|      03      |      04      |      02      |      05      |      02      |
|00   0015   01|01   0016   01|01   0013   05|05   0008   02|02   0003   00|
|      05      |      02      |      01      |      05      |      04      |
+--------------+--------------+--------------+--------------+--------------+
|      05      |      02      |      01      |      05      |      04      |
|00   0020   04|04   0021   03|03   0014   05|05   0009   02|02   0004   00|
|      00      |      00      |      00      |      00      |      00      |
+--------------+--------------+--------------+--------------+--------------+

<deb>
+--------------+--------------+--------------+--------------+--------------+
|      00      |      00      |      00      |      00      |      00      |
|00   0024   02|02   0023   03|03   0010   04|04   0005   02|02   0000   00|
|      01      |      01      |      01      |      04      |      05      |
+--------------+--------------+--------------+--------------+--------------+
|      01      |      01      |      01      |      04      |      05      |
|00   0019   01|01   0018   04|04   0011   05|05   0006   05|05   0001   00|
|      03      |      01      |      05      |      05      |      03      |
+--------------+--------------+--------------+--------------+--------------+
|      03      |      01      |      05      |      05      |      03      |
|00   0022   04|04   0017   02|02   0012   02|02   0007   04|04   0002   00|
|      03      |      04      |      02      |      05      |      02      |
+--------------+--------------+--------------+--------------+--------------+
|      03      |      04      |      02      |      05      |      02      |
|00   0014   01|01   0016   01|01   0013   05|05   0008   02|02   0003   00|
|      05      |      02      |      01      |      05      |      04      |
+--------------+--------------+--------------+--------------+--------------+
|      05      |      02      |      01      |      05      |      04      |
|00   0020   04|04   0021   03|03   0015   05|05   0009   02|02   0004   00|
|      00      |      00      |      00      |      00      |      00      |
+--------------+--------------+--------------+--------------+--------------+

<deb>
+--------------+--------------+--------------+--------------+--------------+
|      00      |      00      |      00      |      00      |      00      |
|00   0024   02|02   0023   03|03   0002   02|02   0003   04|04   0020   00|
|      01      |      01      |      04      |      02      |      05      |
+--------------+--------------+--------------+--------------+--------------+
|      01      |      01      |      04      |      02      |      05      |
|00   0019   01|01   0018   04|04   0017   01|01   0016   01|01   0015   00|
|      03      |      01      |      02      |      04      |      03      |
+--------------+--------------+--------------+--------------+--------------+
|      03      |      01      |      02      |      04      |      03      |
|00   0014   01|01   0013   02|02   0012   05|05   0011   01|01   0010   00|
|      05      |      05      |      02      |      05      |      04      |
+--------------+--------------+--------------+--------------+--------------+
|      05      |      05      |      02      |      05      |      04      |
|00   0009   05|05   0008   05|05   0007   05|05   0006   04|04   0005   00|
|      02      |      02      |      04      |      05      |      02      |
+--------------+--------------+--------------+--------------+--------------+
|      02      |      02      |      04      |      05      |      02      |
|00   0004   04|04   0021   03|03   0022   03|03   0001   05|05   0000   00|
|      00      |      00      |      00      |      00      |      00      |
+--------------+--------------+--------------+--------------+--------------+

<deb>
+--------------+--------------+--------------+--------------+--------------+
|      00      |      00      |      00      |      00      |      00      |
|00   0024   02|02   0023   03|03   0002   02|02   0003   04|04   0020   00|
|      01      |      01      |      04      |      02      |      05      |
+--------------+--------------+--------------+--------------+--------------+
|      01      |      01      |      04      |      02      |      05      |
|00   0019   01|01   0018   04|04   0017   01|01   0016   01|01   0014   00|
|      03      |      01      |      02      |      04      |      03      |
+--------------+--------------+--------------+--------------+--------------+
|      03      |      01      |      02      |      04      |      03      |
|00   0015   01|01   0013   02|02   0012   05|05   0011   01|01   0010   00|
|      05      |      05      |      02      |      05      |      04      |
+--------------+--------------+--------------+--------------+--------------+
|      05      |      05      |      02      |      05      |      04      |
|00   0009   05|05   0008   05|05   0007   05|05   0006   04|04   0005   00|
|      02      |      02      |      04      |      05      |      02      |
+--------------+--------------+--------------+--------------+--------------+
|      02      |      02      |      04      |      05      |      02      |
|00   0004   04|04   0021   03|03   0022   03|03   0001   05|05   0000   00|
|      00      |      00      |      00      |      00      |      00      |
+--------------+--------------+--------------+--------------+--------------+

<deb>
+--------------+--------------+--------------+--------------+--------------+
|      00      |      00      |      00      |      00      |      00      |
|00   0024   02|02   0023   03|03   0022   03|03   0021   04|04   0020   00|
|      01      |      01      |      04      |      02      |      05      |
+--------------+--------------+--------------+--------------+--------------+
|      01      |      01      |      04      |      02      |      05      |
|00   0019   01|01   0018   04|04   0017   01|01   0016   01|01   0015   00|
|      03      |      01      |      02      |      04      |      03      |
+--------------+--------------+--------------+--------------+--------------+
|      03      |      01      |      02      |      04      |      03      |
|00   0014   01|01   0013   02|02   0012   05|05   0011   01|01   0010   00|
|      05      |      05      |      02      |      05      |      04      |
+--------------+--------------+--------------+--------------+--------------+
|      05      |      05      |      02      |      05      |      04      |
|00   0009   05|05   0008   05|05   0007   05|05   0006   04|04   0005   00|
|      02      |      02      |      04      |      05      |      02      |
+--------------+--------------+--------------+--------------+--------------+
|      02      |      02      |      04      |      05      |      02      |
|00   0004   04|04   0003   02|02   0002   03|03   0001   05|05   0000   00|
|      00      |      00      |      00      |      00      |      00      |
+--------------+--------------+--------------+--------------+--------------+

<deb>
+--------------+--------------+--------------+--------------+--------------+
|      00      |      00      |      00      |      00      |      00      |
|00   0024   02|02   0023   03|03   0022   03|03   0021   04|04   0020   00|
|      01      |      01      |      04      |      02      |      05      |
+--------------+--------------+--------------+--------------+--------------+
|      01      |      01      |      04      |      02      |      05      |
|00   0019   01|01   0018   04|04   0017   01|01   0016   01|01   0014   00|
|      03      |      01      |      02      |      04      |      03      |
+--------------+--------------+--------------+--------------+--------------+
|      03      |      01      |      02      |      04      |      03      |
|00   0015   01|01   0013   02|02   0012   05|05   0011   01|01   0010   00|
|      05      |      05      |      02      |      05      |      04      |
+--------------+--------------+--------------+--------------+--------------+
|      05      |      05      |      02      |      05      |      04      |
|00   0009   05|05   0008   05|05   0007   05|05   0006   04|04   0005   00|
|      02      |      02      |      04      |      05      |      02      |
+--------------+--------------+--------------+--------------+--------------+
|      02      |      02      |      04      |      05      |      02      |
|00   0004   04|04   0003   02|02   0002   03|03   0001   05|05   0000   00|
|      00      |      00      |      00      |      00      |      00      |
+--------------+--------------+--------------+--------------+--------------+



Solving: end of time
